2891.187917 minutes
Enron-small_600_RandomSearch:
Emails: 5172
Words: 600
Ham: 3672
Spam: 1500

Average accurasy:
MLPClassifier            94.84
LinearSVC                94.22
KNeighborsClassifier     87.14
LogisticRegression       94.04
MultinomialNB            91.03
RandomForestClassifier   96.55

Standard deviation:
MLPClassifier            0.75
LinearSVC                0.61
KNeighborsClassifier     1.09
LogisticRegression       0.61
MultinomialNB            0.72
RandomForestClassifier   0.48

Accurasies:
MLPClassifier            [94.663573085846863, 94.431554524361943, 96.210363495746336, 94.740912606341837, 94.663573085846863, 95.359628770301612, 95.204949729311679, 94.044856921887089, 94.740912606341837, 95.282289249806652, 94.740912606341837, 94.818252126836811, 94.972931167826758, 95.746326372776494, 94.58623356535189, 94.895591647331784, 94.972931167826758, 96.055684454756388, 94.044856921887089, 93.890177880897141, 94.431554524361943, 94.895591647331784, 94.122196442382062, 94.895591647331784, 95.204949729311679, 94.663573085846863, 94.122196442382062, 95.746326372776494, 94.354215003866983, 95.668986852281506, 94.972931167826758, 95.746326372776494, 95.050270688321731, 94.818252126836811, 93.271461716937353, 95.204949729311679, 94.972931167826758, 94.818252126836811, 95.901005413766441, 94.354215003866983, 95.436968290796599, 96.674400618716163, 94.58623356535189, 95.436968290796599, 95.436968290796599, 94.508894044856916, 95.204949729311679, 95.127610208816705, 95.668986852281506, 94.972931167826758, 94.044856921887089, 94.895591647331784, 94.58623356535189, 94.895591647331784, 94.354215003866983, 95.436968290796599, 91.492652745552988, 94.740912606341837, 93.967517401392115, 94.818252126836811, 94.972931167826758, 95.204949729311679, 93.658159319412221, 95.668986852281506, 92.962103634957458, 95.591647331786547, 95.127610208816705, 94.354215003866983, 95.591647331786547, 93.967517401392115, 94.972931167826758, 94.740912606341837, 94.818252126836811, 93.890177880897141, 95.901005413766441, 94.972931167826758, 94.508894044856916, 95.591647331786547, 94.431554524361943, 96.055684454756388, 93.967517401392115, 94.972931167826758, 94.818252126836811, 95.282289249806652, 93.967517401392115, 94.431554524361943, 92.962103634957458, 96.133023975251348, 95.823665893271453, 95.050270688321731, 94.818252126836811, 95.359628770301612, 94.58623356535189, 95.127610208816705, 94.818252126836811, 95.204949729311679, 94.663573085846863, 94.199535962877036, 94.431554524361943, 95.050270688321731]
LinearSVC                [93.812838360402168, 94.663573085846863, 94.58623356535189, 93.735498839907194, 93.735498839907194, 93.812838360402168, 95.050270688321731, 93.967517401392115, 94.508894044856916, 94.740912606341837, 93.658159319412221, 94.58623356535189, 94.663573085846863, 93.271461716937353, 93.967517401392115, 94.818252126836811, 94.354215003866983, 95.359628770301612, 93.503480278422273, 94.122196442382062, 94.199535962877036, 94.27687548337201, 95.514307811291559, 94.122196442382062, 94.27687548337201, 94.431554524361943, 92.807424593967511, 95.050270688321731, 93.4261407579273, 94.122196442382062, 94.354215003866983, 93.890177880897141, 93.967517401392115, 94.122196442382062, 93.812838360402168, 94.663573085846863, 93.4261407579273, 94.199535962877036, 94.27687548337201, 92.420726991492657, 94.27687548337201, 94.663573085846863, 94.122196442382062, 93.890177880897141, 94.508894044856916, 93.967517401392115, 93.658159319412221, 94.740912606341837, 94.740912606341837, 94.27687548337201, 94.199535962877036, 93.890177880897141, 93.039443155452446, 94.895591647331784, 94.27687548337201, 93.735498839907194, 94.663573085846863, 93.967517401392115, 94.122196442382062, 93.503480278422273, 93.967517401392115, 95.127610208816705, 94.27687548337201, 94.663573085846863, 94.431554524361943, 93.503480278422273, 94.122196442382062, 94.122196442382062, 94.354215003866983, 94.895591647331784, 95.050270688321731, 93.967517401392115, 95.127610208816705, 92.575406032482604, 94.740912606341837, 94.122196442382062, 93.658159319412221, 95.436968290796599, 93.890177880897141, 95.359628770301612, 94.199535962877036, 94.972931167826758, 94.58623356535189, 94.508894044856916, 94.58623356535189, 93.658159319412221, 92.807424593967511, 95.436968290796599, 93.503480278422273, 94.895591647331784, 93.503480278422273, 94.122196442382062, 94.818252126836811, 93.4261407579273, 94.044856921887089, 94.122196442382062, 94.818252126836811, 94.354215003866983, 94.044856921887089, 94.431554524361943]
KNeighborsClassifier     [88.863109048723899, 87.548337200309362, 89.017788089713846, 87.470997679814388, 86.233565351894811, 87.006960556844547, 88.24439288476411, 86.388244392884758, 88.476411446249031, 87.006960556844547, 86.310904872389798, 86.929621036349573, 85.614849187935036, 87.548337200309362, 86.001546790409904, 86.233565351894811, 87.08430007733952, 87.857695282289257, 88.399071925754058, 86.465583913379746, 86.697602474864652, 86.77494199535964, 88.012374323279204, 85.460170146945089, 87.935034802784216, 87.08430007733952, 85.69218870843001, 87.935034802784216, 87.470997679814388, 87.780355761794283, 86.310904872389798, 87.238979118329468, 87.470997679814388, 88.399071925754058, 84.996133023975247, 86.542923433874705, 87.08430007733952, 86.8522815158546, 88.321732405259084, 86.388244392884758, 86.310904872389798, 88.321732405259084, 86.388244392884758, 87.780355761794283, 83.990719257540604, 87.857695282289257, 86.929621036349573, 88.785769528228926, 89.095127610208806, 87.08430007733952, 86.078886310904863, 85.305491105955142, 84.996133023975247, 86.929621036349573, 86.542923433874705, 87.316318638824441, 86.8522815158546, 87.238979118329468, 87.470997679814388, 86.078886310904863, 87.316318638824441, 89.327146171693741, 87.316318638824441, 86.697602474864652, 87.238979118329468, 86.233565351894811, 88.785769528228926, 86.078886310904863, 87.548337200309362, 87.703016241299309, 86.77494199535964, 85.305491105955142, 88.785769528228926, 87.316318638824441, 88.321732405259084, 87.857695282289257, 86.620262954369693, 86.542923433874705, 87.625676720804336, 87.238979118329468, 85.382830626450115, 88.476411446249031, 88.476411446249031, 88.708430007733952, 86.156225831399851, 87.393658159319415, 87.238979118329468, 87.857695282289257, 88.321732405259084, 87.703016241299309, 87.161639597834494, 88.24439288476411, 88.012374323279204, 84.222737819025511, 88.708430007733952, 85.150812064965194, 87.08430007733952, 85.92420726991493, 86.078886310904863, 88.167053364269137]
LogisticRegression       [93.580819798917247, 94.354215003866983, 94.122196442382062, 94.044856921887089, 93.735498839907194, 93.890177880897141, 94.740912606341837, 93.658159319412221, 94.895591647331784, 94.58623356535189, 93.735498839907194, 94.122196442382062, 95.050270688321731, 94.122196442382062, 93.348801237432326, 93.967517401392115, 94.199535962877036, 94.508894044856916, 93.812838360402168, 93.4261407579273, 94.122196442382062, 93.4261407579273, 96.055684454756388, 93.658159319412221, 93.967517401392115, 94.122196442382062, 92.420726991492657, 95.050270688321731, 93.890177880897141, 94.431554524361943, 94.044856921887089, 94.27687548337201, 93.735498839907194, 93.812838360402168, 94.354215003866983, 94.27687548337201, 93.658159319412221, 94.354215003866983, 94.199535962877036, 92.420726991492657, 93.658159319412221, 95.127610208816705, 93.658159319412221, 94.199535962877036, 93.580819798917247, 93.658159319412221, 94.044856921887089, 95.127610208816705, 94.27687548337201, 93.967517401392115, 94.122196442382062, 94.199535962877036, 93.116782675947405, 94.972931167826758, 94.044856921887089, 93.812838360402168, 94.58623356535189, 93.503480278422273, 93.735498839907194, 93.194122196442379, 93.967517401392115, 95.359628770301612, 93.967517401392115, 94.044856921887089, 94.508894044856916, 93.658159319412221, 94.122196442382062, 93.348801237432326, 94.044856921887089, 94.58623356535189, 94.431554524361943, 93.039443155452446, 94.508894044856916, 92.884764114462499, 93.890177880897141, 93.348801237432326, 93.658159319412221, 94.663573085846863, 93.735498839907194, 94.740912606341837, 93.580819798917247, 93.890177880897141, 94.044856921887089, 94.354215003866983, 94.508894044856916, 93.658159319412221, 92.652745552977564, 95.514307811291559, 94.431554524361943, 94.27687548337201, 93.967517401392115, 93.967517401392115, 93.967517401392115, 92.962103634957458, 93.116782675947405, 94.431554524361943, 94.740912606341837, 93.890177880897141, 94.122196442382062, 94.354215003866983]
MultinomialNB            [90.487238979118331, 90.873936581593199, 90.951276102088158, 92.034029389017789, 91.492652745552988, 90.177880897138436, 90.951276102088158, 91.260634184068053, 91.879350348027842, 90.100541376643463, 90.487238979118331, 91.260634184068053, 90.873936581593199, 91.956689868522815, 90.332559938128384, 91.724671307037895, 92.111368909512763, 92.034029389017789, 90.023201856148489, 90.023201856148489, 89.636504253673635, 91.724671307037895, 91.802010827532868, 91.415313225058, 90.332559938128384, 90.951276102088158, 90.641918020108278, 92.188708430007736, 89.713843774168595, 91.337973704563041, 90.719257540603252, 91.183294663573093, 91.260634184068053, 92.188708430007736, 90.796597061098211, 89.636504253673635, 91.724671307037895, 90.796597061098211, 90.951276102088158, 90.564578499613305, 92.343387470997683, 90.177880897138436, 91.183294663573093, 91.724671307037895, 91.260634184068053, 90.796597061098211, 89.481825212683688, 92.652745552977564, 91.260634184068053, 90.25522041763341, 91.260634184068053, 91.183294663573093, 90.409899458623357, 91.105955143078106, 92.420726991492657, 91.879350348027842, 90.177880897138436, 90.951276102088158, 90.25522041763341, 91.647331786542921, 91.724671307037895, 90.873936581593199, 89.945862335653516, 91.802010827532868, 91.260634184068053, 89.945862335653516, 92.420726991492657, 90.25522041763341, 91.260634184068053, 91.105955143078106, 90.719257540603252, 91.337973704563041, 90.719257540603252, 90.873936581593199, 91.105955143078106, 90.564578499613305, 90.487238979118331, 91.956689868522815, 90.409899458623357, 90.951276102088158, 91.260634184068053, 90.641918020108278, 91.183294663573093, 91.183294663573093, 91.105955143078106, 91.569992266047947, 90.100541376643463, 91.879350348027842, 90.100541376643463, 91.337973704563041, 91.569992266047947, 90.873936581593199, 90.177880897138436, 91.260634184068053, 90.409899458623357, 92.26604795050271, 90.719257540603252, 90.332559938128384, 90.332559938128384, 92.111368909512763]
RandomForestClassifier   [96.287703016241295, 95.668986852281506, 97.293116782675952, 96.983758700696058, 96.597061098221189, 96.442382057231242, 96.597061098221189, 96.365042536736269, 96.82907965970611, 96.597061098221189, 96.442382057231242, 96.674400618716163, 97.370456303170911, 96.751740139211137, 95.591647331786547, 96.210363495746336, 96.210363495746336, 96.82907965970611, 96.983758700696058, 95.746326372776494, 96.674400618716163, 96.674400618716163, 97.525135344160859, 95.901005413766441, 96.055684454756388, 96.055684454756388, 96.597061098221189, 97.679814385150806, 96.519721577726216, 96.287703016241295, 97.138437741686005, 96.519721577726216, 96.519721577726216, 96.597061098221189, 96.751740139211137, 95.978344934261401, 96.055684454756388, 96.674400618716163, 97.602474864655846, 95.668986852281506, 96.210363495746336, 97.447795823665899, 96.287703016241295, 95.746326372776494, 96.906419180201084, 96.055684454756388, 96.055684454756388, 97.370456303170911, 96.751740139211137, 96.519721577726216, 96.906419180201084, 96.442382057231242, 96.751740139211137, 97.215777262180964, 95.978344934261401, 96.674400618716163, 97.370456303170911, 96.365042536736269, 95.901005413766441, 96.365042536736269, 96.519721577726216, 96.82907965970611, 95.823665893271453, 96.674400618716163, 96.82907965970611, 96.133023975251348, 97.138437741686005, 95.978344934261401, 96.674400618716163, 97.138437741686005, 96.751740139211137, 96.055684454756388, 96.055684454756388, 96.751740139211137, 96.82907965970611, 96.442382057231242, 96.210363495746336, 96.674400618716163, 96.906419180201084, 96.751740139211137, 96.983758700696058, 96.674400618716163, 96.287703016241295, 96.82907965970611, 96.751740139211137, 96.287703016241295, 95.591647331786547, 97.370456303170911, 96.906419180201084, 96.597061098221189, 96.287703016241295, 96.210363495746336, 96.365042536736269, 96.133023975251348, 96.751740139211137, 95.823665893271453, 97.447795823665899, 96.365042536736269, 96.055684454756388, 96.751740139211137]

Standings:
MLPClassifier            [2, 3, 2, 2, 2, 2, 2, 2, 3, 2, 2, 2, 3, 2, 2, 2, 2, 2, 2, 3, 2, 2, 4, 2, 2, 2, 2, 2, 2, 2, 2, 2, 2, 2, 4, 2, 2, 2, 2, 2, 2, 2, 2, 2, 2, 2, 2, 2, 2, 2, 4, 2, 2, 3, 2, 2, 4, 2, 3, 2, 2, 3, 4, 2, 4, 2, 2, 2, 2, 4, 3, 2, 3, 2, 2, 2, 2, 2, 2, 2, 3, 2, 2, 2, 4, 2, 2, 2, 2, 2, 2, 2, 3, 2, 2, 2, 4, 3, 2, 2]
LinearSVC                [3, 2, 3, 4, 3, 4, 3, 3, 4, 3, 4, 3, 4, 4, 3, 3, 3, 3, 4, 2, 3, 3, 3, 3, 3, 3, 3, 3, 4, 4, 3, 4, 3, 3, 3, 3, 4, 4, 3, 3, 3, 4, 3, 4, 3, 3, 4, 4, 3, 3, 2, 4, 4, 3, 3, 4, 2, 3, 2, 3, 3, 4, 2, 3, 3, 4, 3, 3, 3, 2, 2, 3, 2, 4, 3, 3, 3, 3, 3, 3, 2, 2, 3, 3, 2, 3, 3, 4, 4, 3, 4, 3, 2, 3, 3, 4, 2, 2, 4, 3]
KNeighborsClassifier     [6, 6, 6, 6, 6, 6, 6, 6, 6, 6, 6, 6, 6, 6, 6, 6, 6, 6, 6, 6, 6, 6, 6, 6, 6, 6, 6, 6, 6, 6, 6, 6, 6, 6, 6, 6, 6, 6, 6, 6, 6, 6, 6, 6, 6, 6, 6, 6, 6, 6, 6, 6, 6, 6, 6, 6, 6, 6, 6, 6, 6, 6, 6, 6, 6, 6, 6, 6, 6, 6, 6, 6, 6, 6, 6, 6, 6, 6, 6, 6, 6, 6, 6, 6, 6, 6, 6, 6, 6, 6, 6, 6, 6, 6, 6, 6, 6, 6, 6, 6]
LogisticRegression       [4, 4, 4, 3, 3, 3, 4, 4, 2, 4, 3, 4, 2, 3, 4, 4, 4, 4, 3, 4, 4, 4, 2, 4, 4, 4, 4, 3, 3, 3, 4, 3, 4, 4, 2, 4, 3, 3, 4, 3, 4, 3, 4, 3, 4, 4, 3, 2, 4, 4, 3, 3, 3, 2, 4, 3, 3, 4, 4, 4, 3, 2, 3, 4, 2, 3, 3, 4, 4, 3, 4, 4, 4, 3, 4, 4, 3, 4, 4, 4, 4, 4, 4, 4, 3, 3, 4, 3, 3, 4, 3, 4, 4, 4, 4, 3, 3, 4, 3, 4]
MultinomialNB            [5, 5, 5, 5, 5, 5, 5, 5, 5, 5, 5, 5, 5, 5, 5, 5, 5, 5, 5, 5, 5, 5, 5, 5, 5, 5, 5, 5, 5, 5, 5, 5, 5, 5, 5, 5, 5, 5, 5, 5, 5, 5, 5, 5, 5, 5, 5, 5, 5, 5, 5, 5, 5, 5, 5, 5, 5, 5, 5, 5, 5, 5, 5, 5, 5, 5, 5, 5, 5, 5, 5, 5, 5, 5, 5, 5, 5, 5, 5, 5, 5, 5, 5, 5, 5, 5, 5, 5, 5, 5, 5, 5, 5, 5, 5, 5, 5, 5, 5, 5]
RandomForestClassifier   [1, 1, 1, 1, 1, 1, 1, 1, 1, 1, 1, 1, 1, 1, 1, 1, 1, 1, 1, 1, 1, 1, 1, 1, 1, 1, 1, 1, 1, 1, 1, 1, 1, 1, 1, 1, 1, 1, 1, 1, 1, 1, 1, 1, 1, 1, 1, 1, 1, 1, 1, 1, 1, 1, 1, 1, 1, 1, 1, 1, 1, 1, 1, 1, 1, 1, 1, 1, 1, 1, 1, 1, 1, 1, 1, 1, 1, 1, 1, 1, 1, 1, 1, 1, 1, 1, 1, 1, 1, 1, 1, 1, 1, 1, 1, 1, 1, 1, 1, 1]

Parameters:
MLPClassifier:
<bound method MLPClassifier.get_params of MLPClassifier(activation='relu', alpha=0.0001, batch_size='auto', beta_1=0.9,
       beta_2=0.999, early_stopping=False, epsilon=1e-08,
       hidden_layer_sizes=(300, 300), learning_rate='constant',
       learning_rate_init=0.01, max_iter=1600, momentum=0.9,
       nesterovs_momentum=True, power_t=0.5, random_state=None,
       shuffle=True, solver='adam', tol=0.0001, validation_fraction=0.1,
       verbose=False, warm_start=False)>
LinearSVC:
<bound method LinearSVC.get_params of LinearSVC(C=3.3, class_weight=None, dual=False, fit_intercept=True,
     intercept_scaling=1, loss='squared_hinge', max_iter=1800,
     multi_class='ovr', penalty='l1', random_state=None, tol=0.0001,
     verbose=0)>
KNeighborsClassifier:
<bound method KNeighborsClassifier.get_params of KNeighborsClassifier(algorithm='brute', leaf_size=30, metric='minkowski',
           metric_params=None, n_jobs=1, n_neighbors=4, p=2,
           weights='distance')>
LogisticRegression:
<bound method LogisticRegression.get_params of LogisticRegression(C=4.6, class_weight=None, dual=False, fit_intercept=True,
          intercept_scaling=1, max_iter=100, multi_class='ovr', n_jobs=1,
          penalty='l1', random_state=None, solver='liblinear', tol=0.0001,
          verbose=0, warm_start=False)>
MultinomialNB:
<bound method MultinomialNB.get_params of MultinomialNB(alpha=0.0, class_prior=None, fit_prior=False)>
RandomForestClassifier:
<bound method RandomForestClassifier.get_params of RandomForestClassifier(bootstrap=True, class_weight=None, criterion='entropy',
            max_depth=None, max_features='log2', max_leaf_nodes=None,
            min_impurity_decrease=0.0, min_impurity_split=None,
            min_samples_leaf=1, min_samples_split=5,
            min_weight_fraction_leaf=0.0, n_estimators=330, n_jobs=1,
            oob_score=True, random_state=None, verbose=0, warm_start=False)>
