60.953967 minutes
Spam-Assasin_600:
Emails: 6046
Words: 600
Ham: 4150
Spam: 1896

Average accurasy:
MLPClassifier            89.96
LinearSVC                88.57
KNeighborsClassifier     82.82
LogisticRegression       85.64
MultinomialNB            82.20
RandomForestClassifier   89.49

Standard deviation:
MLPClassifier            0.79
LinearSVC                0.74
KNeighborsClassifier     0.95
LogisticRegression       0.84
MultinomialNB            1.09
RandomForestClassifier   0.72

Accurasies:
MLPClassifier            [89.484126984126988, 89.947089947089935, 90.006618133686302, 89.344804765056253, 90.079365079365076, 90.939153439153444, 89.940436796823292, 89.741892786234274, 89.484126984126988, 90.873015873015873, 90.337524818001327, 88.947716743878232, 89.88095238095238, 89.81481481481481, 90.271343481138317, 89.675711449371278, 90.674603174603178, 90.542328042328052, 90.536068828590331, 88.749172733289214, 91.269841269841265, 90.079365079365076, 89.344804765056253, 89.080079417604239, 90.013227513227505, 90.608465608465607, 88.418266048974189, 89.080079417604239, 89.74867724867724, 91.071428571428569, 89.146260754467249, 90.469887491727334, 89.484126984126988, 90.013227513227505, 89.874255459960295, 90.536068828590331, 89.153439153439152, 89.88095238095238, 91.396426207809398, 89.874255459960295, 90.740740740740748, 90.806878306878303, 88.219722038385171, 90.469887491727334, 89.484126984126988, 90.343915343915342, 90.006618133686302, 89.808074123097285, 90.542328042328052, 89.616402116402114, 88.947716743878232, 91.065519523494373, 90.013227513227505, 88.82275132275133, 90.403706154864324, 92.455327597617469, 90.608465608465607, 88.82275132275133, 90.271343481138317, 89.080079417604239, 90.674603174603178, 89.550264550264544, 89.080079417604239, 91.065519523494373, 91.071428571428569, 87.896825396825392, 91.462607544672409, 89.675711449371278, 89.550264550264544, 89.74867724867724, 90.072799470549299, 90.866975512905356, 89.417989417989418, 89.616402116402114, 90.13898080741231, 90.337524818001327, 89.417989417989418, 89.88095238095238, 90.800794176042359, 89.874255459960295, 89.81481481481481, 90.277777777777786, 89.874255459960295, 89.477167438782274, 90.542328042328052, 89.682539682539684, 88.749172733289214, 90.933156849768366, 90.608465608465607, 88.492063492063494, 89.212442091330246, 90.734612839179348, 89.88095238095238, 91.335978835978835, 89.609530112508267, 89.146260754467249, 88.492063492063494, 90.806878306878303, 89.477167438782274, 90.13898080741231]
LinearSVC                [88.955026455026456, 87.367724867724874, 89.874255459960295, 87.293183322303108, 88.492063492063494, 88.82275132275133, 88.418266048974189, 89.013898080741228, 88.227513227513228, 88.492063492063494, 89.344804765056253, 88.285903375248182, 87.5, 89.351851851851848, 89.146260754467249, 88.881535407015221, 88.227513227513228, 89.417989417989418, 89.146260754467249, 87.690271343481143, 88.359788359788354, 88.558201058201064, 87.954996690933157, 88.881535407015221, 88.69047619047619, 88.888888888888886, 87.359364659166118, 88.021178027796168, 89.484126984126988, 88.69047619047619, 88.021178027796168, 89.080079417604239, 87.962962962962962, 88.624338624338634, 87.557908669755122, 90.271343481138317, 88.161375661375658, 89.021164021164026, 88.087359364659164, 89.013898080741228, 88.425925925925924, 88.029100529100532, 87.82263401720715, 89.080079417604239, 87.698412698412696, 87.962962962962962, 88.947716743878232, 88.550628722700196, 89.947089947089935, 88.359788359788354, 88.815354070152225, 87.491727332892125, 88.888888888888886, 88.227513227513228, 88.418266048974189, 89.675711449371278, 88.359788359788354, 88.888888888888886, 88.749172733289214, 88.219722038385171, 88.624338624338634, 89.417989417989418, 88.087359364659164, 89.940436796823292, 89.616402116402114, 86.706349206349216, 89.675711449371278, 88.087359364659164, 88.095238095238088, 89.087301587301596, 88.418266048974189, 89.212442091330246, 87.830687830687822, 86.507936507936506, 90.072799470549299, 88.153540701522175, 88.425925925925924, 88.82275132275133, 88.881535407015221, 87.690271343481143, 87.632275132275126, 88.955026455026456, 89.543348775645271, 88.616810059563207, 89.682539682539684, 88.293650793650784, 87.954996690933157, 88.881535407015221, 88.75661375661376, 87.962962962962962, 88.616810059563207, 89.477167438782274, 88.095238095238088, 89.616402116402114, 87.82263401720715, 88.881535407015221, 87.301587301587304, 89.74867724867724, 88.4844473858372, 88.219722038385171]
KNeighborsClassifier     [84.589947089947088, 82.804232804232797, 82.726671078755786, 81.403044341495701, 81.878306878306887, 83.928571428571431, 83.05757776307081, 82.594308405029778, 82.076719576719583, 82.341269841269835, 83.454665784248832, 83.520847121111856, 83.068783068783063, 82.605820105820101, 82.197220383851757, 82.726671078755786, 82.275132275132279, 82.936507936507937, 83.653209794837863, 83.05757776307081, 82.208994708994709, 82.605820105820101, 82.594308405029778, 83.917935142289878, 82.076719576719583, 83.664021164021165, 82.197220383851757, 82.263401720714754, 82.275132275132279, 83.730158730158735, 83.454665784248832, 83.785572468563856, 82.341269841269835, 83.134920634920633, 81.99867637326274, 83.917935142289878, 83.068783068783063, 82.936507936507937, 84.447385837193906, 82.991396426207814, 84.126984126984127, 81.349206349206355, 81.800132362673722, 83.123759099933807, 82.804232804232797, 81.481481481481481, 83.587028457974853, 82.925215089344803, 83.465608465608469, 83.267195767195773, 83.71939113170086, 82.461945731303771, 81.679894179894177, 83.664021164021165, 80.873593646591658, 85.043017868960959, 82.539682539682531, 82.341269841269835, 82.726671078755786, 82.859033752481807, 83.201058201058203, 82.870370370370367, 81.270681667769679, 81.866313699536732, 83.068783068783063, 82.010582010582013, 85.175380542686966, 82.528127068166782, 81.349206349206355, 84.193121693121697, 82.197220383851757, 82.859033752481807, 82.275132275132279, 80.952380952380949, 83.587028457974853, 84.513567174056917, 83.928571428571431, 80.820105820105823, 82.991396426207814, 83.123759099933807, 82.010582010582013, 83.664021164021165, 83.984116479152888, 80.873593646591658, 83.465608465608469, 84.259259259259252, 81.336863004632704, 81.733951025810725, 81.878306878306887, 82.407407407407405, 83.454665784248832, 80.873593646591658, 82.076719576719583, 83.333333333333343, 84.778292521508931, 83.123759099933807, 83.002645502645507, 82.605820105820101, 83.256121773659828, 82.660489741892789]
LogisticRegression       [86.044973544973544, 85.317460317460316, 86.763732627399065, 83.917935142289878, 85.383597883597886, 86.772486772486772, 84.513567174056917, 85.704831237590994, 84.523809523809518, 86.17724867724867, 87.160820648577101, 85.109199205823955, 84.457671957671948, 86.441798941798936, 85.771012574454005, 86.16810059563204, 85.582010582010582, 85.648148148148152, 86.763732627399065, 85.175380542686966, 85.780423280423278, 85.383597883597886, 85.638649900727998, 85.506287227001991, 85.648148148148152, 86.375661375661366, 84.910655195234938, 84.645929847782924, 87.103174603174608, 85.912698412698404, 85.175380542686966, 85.175380542686966, 85.449735449735456, 86.111111111111114, 84.182660489741892, 87.690271343481143, 84.391534391534393, 85.978835978835974, 86.16810059563204, 85.903375248180012, 85.780423280423278, 84.986772486772495, 85.506287227001991, 86.43282594308404, 85.25132275132276, 83.862433862433861, 86.829913964262076, 86.366644606221044, 87.235449735449734, 84.920634920634924, 85.837193911317016, 84.116479152878881, 86.111111111111114, 84.259259259259252, 85.307743216412973, 86.43282594308404, 85.714285714285708, 85.846560846560848, 85.175380542686966, 85.903375248180012, 85.648148148148152, 85.978835978835974, 84.712111184645934, 87.09463931171409, 86.706349206349216, 84.589947089947088, 85.969556585043023, 85.837193911317016, 85.317460317460316, 86.30952380952381, 84.645929847782924, 85.837193911317016, 85.11904761904762, 84.325396825396822, 87.359364659166118, 85.572468563864987, 85.515873015873012, 86.17724867724867, 86.43282594308404, 84.645929847782924, 86.044973544973544, 85.978835978835974, 86.101919258769016, 84.513567174056917, 86.375661375661366, 84.457671957671948, 84.645929847782924, 85.704831237590994, 86.044973544973544, 84.325396825396822, 86.16810059563204, 85.704831237590994, 83.862433862433861, 86.507936507936506, 86.631369953673072, 85.506287227001991, 85.846560846560848, 86.30952380952381, 85.771012574454005, 84.910655195234938]
MultinomialNB            [83.333333333333343, 82.142857142857139, 82.528127068166782, 81.005956320317679, 82.671957671957671, 83.928571428571431, 80.145598941098612, 82.461945731303771, 79.629629629629633, 83.201058201058203, 83.05757776307081, 81.932495036399729, 81.216931216931215, 83.201058201058203, 81.336863004632704, 82.859033752481807, 81.878306878306887, 82.275132275132279, 82.859033752481807, 81.99867637326274, 81.481481481481481, 82.341269841269835, 83.123759099933807, 81.667769688947729, 81.812169312169317, 83.333333333333343, 80.608868299139644, 81.932495036399729, 82.870370370370367, 82.076719576719583, 83.123759099933807, 81.336863004632704, 82.605820105820101, 82.275132275132279, 79.814692256783587, 83.917935142289878, 80.820105820105823, 82.539682539682531, 83.454665784248832, 82.991396426207814, 82.804232804232797, 81.150793650793645, 82.131039046988747, 84.248841826604888, 82.275132275132279, 81.613756613756621, 82.859033752481807, 81.800132362673722, 83.134920634920633, 81.547619047619051, 83.256121773659828, 80.476505625413637, 83.465608465608469, 80.555555555555557, 82.461945731303771, 82.329583057577764, 82.275132275132279, 80.687830687830683, 82.859033752481807, 83.189940436796832, 81.547619047619051, 82.407407407407405, 81.535407015221708, 83.851753805426867, 83.664021164021165, 81.547619047619051, 81.535407015221708, 81.932495036399729, 81.150793650793645, 83.664021164021165, 82.06485771012575, 82.263401720714754, 80.820105820105823, 80.357142857142861, 84.778292521508931, 82.660489741892789, 82.341269841269835, 83.465608465608469, 82.197220383851757, 80.211780277961623, 81.415343915343925, 83.531746031746039, 82.263401720714754, 80.410324288550626, 83.134920634920633, 82.539682539682531, 81.667769688947729, 81.336863004632704, 83.730158730158735, 80.026455026455025, 81.667769688947729, 82.660489741892789, 81.216931216931215, 83.399470899470899, 84.248841826604888, 80.939774983454669, 83.068783068783063, 81.944444444444443, 83.05757776307081, 80.873593646591658]
RandomForestClassifier   [89.285714285714292, 90.343915343915342, 89.940436796823292, 88.749172733289214, 89.021164021164026, 89.351851851851848, 88.815354070152225, 88.4844473858372, 88.82275132275133, 89.153439153439152, 90.734612839179348, 89.410986101919249, 89.153439153439152, 89.550264550264544, 91.793514228987434, 89.808074123097285, 90.410052910052912, 89.74867724867724, 88.418266048974189, 90.271343481138317, 89.81481481481481, 89.484126984126988, 90.403706154864324, 89.080079417604239, 89.087301587301596, 90.079365079365076, 89.675711449371278, 89.344804765056253, 89.021164021164026, 90.277777777777786, 90.403706154864324, 89.675711449371278, 89.417989417989418, 88.69047619047619, 89.344804765056253, 89.080079417604239, 90.410052910052912, 88.492063492063494, 89.940436796823292, 90.337524818001327, 88.82275132275133, 89.682539682539684, 88.749172733289214, 90.403706154864324, 89.947089947089935, 88.69047619047619, 89.874255459960295, 89.013898080741228, 89.484126984126988, 89.087301587301596, 89.609530112508267, 90.337524818001327, 88.492063492063494, 90.410052910052912, 88.021178027796168, 90.668431502316352, 89.74867724867724, 89.417989417989418, 88.947716743878232, 89.940436796823292, 89.087301587301596, 89.682539682539684, 89.278623428193242, 90.800794176042359, 88.293650793650784, 88.75661375661376, 89.278623428193242, 90.536068828590331, 89.219576719576722, 89.550264550264544, 89.741892786234274, 90.933156849768366, 89.351851851851848, 88.955026455026456, 89.543348775645271, 90.933156849768366, 87.962962962962962, 89.550264550264544, 90.469887491727334, 88.881535407015221, 87.830687830687822, 89.88095238095238, 90.13898080741231, 89.543348775645271, 89.153439153439152, 88.82275132275133, 89.741892786234274, 89.675711449371278, 89.484126984126988, 89.285714285714292, 89.940436796823292, 89.609530112508267, 89.219576719576722, 89.219576719576722, 88.881535407015221, 89.080079417604239, 88.888888888888886, 88.029100529100532, 89.410986101919249, 89.543348775645271]

Standings:
MLPClassifier            [1, 2, 1, 1, 1, 1, 1, 1, 1, 1, 2, 2, 1, 1, 2, 2, 1, 1, 1, 2, 1, 1, 2, 1, 1, 1, 2, 2, 1, 1, 2, 1, 1, 1, 1, 1, 2, 1, 1, 2, 1, 1, 2, 1, 2, 1, 1, 1, 1, 1, 2, 1, 1, 2, 1, 1, 1, 3, 1, 2, 1, 2, 2, 1, 1, 2, 1, 2, 1, 1, 1, 2, 1, 1, 1, 2, 1, 1, 1, 1, 1, 1, 2, 2, 1, 1, 2, 1, 1, 2, 2, 1, 1, 1, 1, 1, 2, 1, 1, 1]
LinearSVC                [3, 3, 3, 3, 3, 3, 3, 2, 3, 3, 3, 3, 3, 3, 3, 3, 3, 3, 2, 3, 3, 3, 3, 3, 3, 3, 3, 3, 2, 3, 3, 3, 3, 3, 3, 2, 3, 2, 3, 3, 3, 3, 3, 3, 3, 3, 3, 3, 2, 3, 3, 3, 2, 3, 2, 3, 3, 2, 3, 3, 3, 3, 3, 3, 2, 3, 2, 3, 3, 3, 3, 3, 3, 3, 2, 3, 2, 3, 3, 3, 3, 3, 3, 3, 2, 3, 3, 3, 3, 3, 3, 3, 3, 2, 3, 3, 3, 2, 3, 3]
KNeighborsClassifier     [5, 5, 5, 5, 6, 5, 5, 5, 5, 6, 5, 5, 5, 6, 5, 6, 5, 5, 5, 5, 5, 5, 6, 5, 5, 5, 5, 5, 6, 5, 5, 5, 6, 5, 5, 5, 5, 5, 5, 5, 5, 5, 6, 6, 5, 6, 5, 5, 5, 5, 5, 5, 6, 5, 6, 5, 5, 5, 6, 6, 5, 5, 6, 6, 6, 5, 5, 5, 5, 5, 5, 5, 5, 5, 6, 5, 5, 6, 5, 5, 5, 5, 5, 5, 5, 5, 6, 5, 6, 5, 5, 6, 5, 6, 5, 5, 6, 5, 5, 5]
LogisticRegression       [4, 4, 4, 4, 4, 4, 4, 4, 4, 4, 4, 4, 4, 4, 4, 4, 4, 4, 4, 4, 4, 4, 4, 4, 4, 4, 4, 4, 4, 4, 4, 4, 4, 4, 4, 4, 4, 4, 4, 4, 4, 4, 4, 4, 4, 4, 4, 4, 4, 4, 4, 4, 4, 4, 4, 4, 4, 4, 4, 4, 4, 4, 4, 4, 4, 4, 4, 4, 4, 4, 4, 4, 4, 4, 4, 4, 4, 4, 4, 4, 4, 4, 4, 4, 4, 4, 4, 4, 4, 4, 4, 4, 4, 4, 4, 4, 4, 4, 4, 4]
MultinomialNB            [6, 6, 6, 6, 5, 5, 6, 6, 6, 5, 6, 6, 6, 5, 6, 5, 6, 6, 6, 6, 6, 6, 5, 6, 6, 6, 6, 6, 5, 6, 6, 6, 5, 6, 6, 5, 6, 6, 6, 5, 6, 6, 5, 5, 6, 5, 6, 6, 6, 6, 6, 6, 5, 6, 5, 6, 6, 6, 5, 5, 6, 6, 5, 5, 5, 6, 6, 6, 6, 6, 6, 6, 6, 6, 5, 6, 6, 5, 6, 6, 6, 6, 6, 6, 6, 6, 5, 6, 5, 6, 6, 5, 6, 5, 6, 6, 5, 6, 6, 6]
RandomForestClassifier   [2, 1, 2, 2, 2, 2, 2, 3, 2, 2, 1, 1, 2, 2, 1, 1, 2, 2, 3, 1, 2, 2, 1, 1, 2, 2, 1, 1, 3, 2, 1, 2, 2, 2, 2, 3, 1, 3, 2, 1, 2, 2, 1, 2, 1, 2, 2, 2, 3, 2, 1, 2, 3, 1, 3, 2, 2, 1, 2, 1, 2, 1, 1, 2, 3, 1, 3, 1, 2, 2, 2, 1, 2, 2, 3, 1, 3, 2, 2, 2, 2, 2, 1, 1, 3, 2, 1, 2, 2, 1, 1, 2, 2, 3, 2, 2, 1, 3, 2, 2]

Parameters:
MLPClassifier:
<bound method MLPClassifier.get_params of MLPClassifier(activation='relu', alpha=0.0001, batch_size='auto', beta_1=0.9,
       beta_2=0.999, early_stopping=False, epsilon=1e-08,
       hidden_layer_sizes=(100,), learning_rate='constant',
       learning_rate_init=0.001, max_iter=200, momentum=0.9,
       nesterovs_momentum=True, power_t=0.5, random_state=None,
       shuffle=True, solver='adam', tol=0.0001, validation_fraction=0.1,
       verbose=False, warm_start=False)>
LinearSVC:
<bound method LinearSVC.get_params of LinearSVC(C=1.0, class_weight=None, dual=True, fit_intercept=True,
     intercept_scaling=1, loss='squared_hinge', max_iter=1000,
     multi_class='ovr', penalty='l2', random_state=None, tol=0.0001,
     verbose=0)>
KNeighborsClassifier:
<bound method KNeighborsClassifier.get_params of KNeighborsClassifier(algorithm='auto', leaf_size=30, metric='minkowski',
           metric_params=None, n_jobs=1, n_neighbors=5, p=2,
           weights='uniform')>
LogisticRegression:
<bound method LogisticRegression.get_params of LogisticRegression(C=1.0, class_weight=None, dual=False, fit_intercept=True,
          intercept_scaling=1, max_iter=100, multi_class='ovr', n_jobs=1,
          penalty='l2', random_state=None, solver='liblinear', tol=0.0001,
          verbose=0, warm_start=False)>
MultinomialNB:
<bound method MultinomialNB.get_params of MultinomialNB(alpha=1.0, class_prior=None, fit_prior=True)>
RandomForestClassifier:
<bound method RandomForestClassifier.get_params of RandomForestClassifier(bootstrap=True, class_weight=None, criterion='gini',
            max_depth=None, max_features='auto', max_leaf_nodes=None,
            min_impurity_decrease=0.0, min_impurity_split=None,
            min_samples_leaf=1, min_samples_split=2,
            min_weight_fraction_leaf=0.0, n_estimators=10, n_jobs=1,
            oob_score=False, random_state=None, verbose=0,
            warm_start=False)>
