13.971883 minutes
Ling-Spam_500:
Emails: 2893
Words: 500
Ham: 2412
Spam: 481

MLP
[ 98.27288428  98.10017271  97.582038    98.791019    98.44559585
  97.92746114  97.92746114  98.61830743  98.96373057  98.791019
  98.10017271  97.23661485  98.44559585  98.44559585  97.582038
  98.44559585  97.75474957  98.44559585  98.10017271  97.40932642
  99.13644214  97.582038    97.582038    98.791019    98.44559585
  99.13644214  98.61830743  98.27288428  98.61830743  98.61830743
  98.27288428  98.61830743  98.61830743  98.44559585  97.75474957
  98.44559585  98.791019    97.92746114  97.23661485  98.27288428
  97.92746114  98.61830743  98.27288428  98.44559585  98.61830743
  97.75474957  98.791019    97.92746114  97.582038    97.75474957
  97.75474957  97.75474957  98.10017271  97.75474957  97.40932642
  97.06390328  97.75474957  99.13644214  98.61830743  98.791019
  98.27288428  97.40932642  98.27288428  97.582038    98.44559585
  98.27288428  98.27288428  98.61830743  97.40932642  98.791019
  97.23661485  98.10017271  98.27288428  98.44559585  98.10017271
  98.61830743  97.92746114  97.92746114  98.61830743  98.27288428
  98.27288428  98.10017271  98.61830743  97.92746114  98.61830743
  97.75474957  96.89119171  98.27288428  97.92746114  98.61830743
  98.61830743  98.10017271  98.61830743  98.791019    97.92746114
  98.27288428  98.44559585  99.13644214  97.06390328  98.44559585]
98.20
0.50
[1 2 3 1 1 2 2 2 1 3 1 2 1 2 1 1 2 1 2 3 2 2 2 1 3 1 2 1 1 2 3 1 2 1 2 2 1
 3 3 2 1 1 1 3 1 1 1 2 3 3 1 1 3 3 2 3 1 2 2 2 3 2 1 1 1 2 2 2 2 1 3 2 2 3
 2 2 1 2 1 2 2 2 1 1 2 3 1 2 2 2 2 1 2 2 2 2 2 1 4 1]
LinearSVC
[ 97.40932642  98.10017271  96.37305699  97.06390328  97.06390328
  96.89119171  96.89119171  96.89119171  98.10017271  99.13644214
  96.71848014  96.71848014  98.10017271  97.75474957  97.06390328
  97.582038    96.71848014  97.582038    96.89119171  96.71848014
  97.75474957  97.06390328  96.71848014  97.40932642  97.40932642
  98.10017271  97.23661485  97.92746114  98.10017271  97.582038
  98.10017271  97.75474957  97.75474957  98.10017271  96.89119171
  97.582038    97.23661485  97.23661485  97.582038    97.23661485
  97.582038    97.06390328  97.06390328  97.75474957  97.75474957
  96.54576857  98.10017271  97.582038    96.89119171  96.89119171
  97.40932642  97.23661485  97.582038    96.89119171  97.23661485
  96.71848014  96.89119171  98.61830743  96.89119171  97.92746114
  97.40932642  96.54576857  97.75474957  96.71848014  97.582038    97.582038
  97.582038    97.06390328  96.37305699  97.75474957  97.40932642
  97.92746114  97.06390328  97.75474957  97.23661485  97.582038
  97.75474957  97.06390328  97.40932642  97.92746114  97.582038
  97.75474957  97.92746114  96.71848014  97.582038    97.06390328
  96.89119171  97.40932642  96.89119171  97.75474957  98.44559585
  96.89119171  97.92746114  98.27288428  97.40932642  97.582038
  97.23661485  97.92746114  97.23661485  97.40932642]
97.41
0.51
[3 2 5 5 4 5 4 5 3 1 5 6 3 3 4 4 4 3 6 4 5 5 3 3 5 3 5 3 3 4 4 3 4 4 5 4 4
 5 2 3 4 6 3 4 4 4 3 4 4 5 3 5 4 5 3 5 3 3 6 4 4 4 3 4 4 4 3 3 3 6 2 3 4 4
 4 4 4 5 4 3 5 4 4 5 3 5 1 4 5 3 3 4 3 3 3 4 4 3 3 4]
SVC
[ 93.78238342  94.64594128  94.30051813  94.64594128  93.43696028
  94.64594128  94.30051813  94.99136442  94.12780656  95.33678756
  92.91882556  93.78238342  93.95509499  93.95509499  93.60967185
  94.81865285  94.47322971  94.99136442  95.33678756  93.95509499
  95.85492228  93.78238342  93.95509499  94.30051813  94.64594128
  93.95509499  94.30051813  94.30051813  93.60967185  93.2642487
  96.02763385  94.47322971  94.30051813  93.95509499  93.95509499
  94.81865285  94.30051813  93.78238342  93.09153713  94.47322971
  93.95509499  95.33678756  93.2642487   94.47322971  96.02763385
  93.78238342  94.30051813  93.09153713  94.64594128  93.09153713
  94.64594128  94.30051813  94.99136442  94.64594128  91.53713299
  93.60967185  93.09153713  94.99136442  95.16407599  95.50949914
  94.30051813  93.60967185  93.78238342  93.78238342  93.2642487
  93.78238342  95.33678756  93.09153713  93.09153713  95.68221071
  94.47322971  93.95509499  92.91882556  94.99136442  95.33678756
  93.78238342  93.2642487   94.30051813  94.64594128  95.33678756
  94.64594128  95.16407599  94.47322971  93.78238342  93.2642487
  95.16407599  93.2642487   93.78238342  95.16407599  95.16407599
  94.81865285  93.60967185  95.33678756  95.68221071  93.43696028
  95.33678756  93.95509499  95.16407599  94.81865285  95.85492228]
94.30
0.83
[ 9  9  9  9  9  8  9  8  9  9 10  8  9  9  9  9  9  7  8  8  8  8  9  8  9
  9  9  8  9 10  8  8 10  8  8  8 10  9  9  9  8  8  9  8  8  9  8 10  9 10
  8  8  8  9  9  9  8  8  9  9  9  9  8  9 10  9  8  8  9  8  9  9  9  9  8
  8  8  8  9  9  9  8  9  9  9  9  8  9  8  8  9  9  9  9  9  8  9  9  8  9]
DecisionTree
[ 93.43696028  93.43696028  92.74611399  94.12780656  92.22797927
  91.36442142  89.6373057   91.19170984  92.91882556  95.68221071
  95.16407599  92.91882556  90.8462867   93.95509499  92.57340242
  92.57340242  94.12780656  92.91882556  94.12780656  93.60967185
  93.2642487   93.43696028  93.43696028  91.19170984  93.78238342
  92.40069085  92.40069085  91.53713299  93.09153713  94.30051813
  93.2642487   91.53713299  94.64594128  93.2642487   92.22797927
  93.09153713  94.81865285  91.88255613  92.0552677   91.70984456
  93.43696028  93.60967185  93.09153713  93.2642487   91.36442142
  90.32815199  90.67357513  94.12780656  91.53713299  94.47322971
  91.53713299  92.74611399  93.78238342  94.81865285  90.15544041
  92.40069085  91.19170984  93.09153713  91.01899827  95.50949914
  93.43696028  93.09153713  93.2642487   91.01899827  94.30051813
  90.67357513  92.91882556  93.09153713  91.36442142  93.2642487
  93.60967185  91.70984456  92.57340242  92.40069085  91.88255613
  93.2642487   92.74611399  91.70984456  91.88255613  93.43696028
  93.2642487   92.91882556  93.09153713  93.09153713  92.40069085
  92.22797927  93.2642487   91.88255613  93.43696028  91.88255613
  93.2642487   91.36442142  92.40069085  91.53713299  93.09153713
  93.60967185  93.60967185  93.09153713  93.2642487   92.57340242]
92.76
1.17
[10 10 10 10 10 10 10 10 10  8  9 10 10  9 10 10 10 10 10  9 10 10 10 10 10
 10 10 10 10  9 10 10  9  9 10 10  9 10 10 10  9 10 10 10 10 10 10  9 10  8
 10 10 10  8 10 10 10 10 10  9 10 10 10 10  9 10 10  8 10 10 10 10 10 10 10
 10 10 10 10 10 10 10 10 10 10 10  8 10 10 10 10 10 10 10 10 10 10 10 10 10]
k-NN
[ 96.02763385  95.50949914  95.16407599  95.16407599  94.12780656
  94.30051813  95.33678756  94.81865285  94.30051813  94.99136442
  95.85492228  93.78238342  94.99136442  94.64594128  94.12780656
  96.54576857  94.64594128  94.47322971  95.33678756  93.60967185
  95.85492228  93.78238342  94.30051813  93.60967185  96.02763385
  95.33678756  95.16407599  93.95509499  94.81865285  95.50949914
  95.16407599  94.30051813  94.81865285  93.2642487   93.2642487
  94.64594128  95.16407599  94.81865285  94.47322971  94.64594128
  93.09153713  94.99136442  94.81865285  94.47322971  94.12780656
  94.64594128  93.78238342  94.99136442  95.33678756  93.78238342
  94.64594128  93.95509499  93.95509499  94.64594128  93.60967185
  95.68221071  92.74611399  95.16407599  95.68221071  96.20034542
  95.50949914  93.78238342  93.60967185  95.16407599  94.81865285
  93.95509499  94.99136442  92.74611399  94.47322971  95.50949914
  94.64594128  94.12780656  94.99136442  95.50949914  94.30051813
  93.60967185  93.2642487   94.30051813  95.16407599  95.85492228
  94.99136442  93.60967185  94.64594128  94.30051813  96.37305699
  95.33678756  92.40069085  94.99136442  94.99136442  93.60967185
  96.37305699  93.78238342  95.50949914  96.02763385  95.33678756
  94.81865285  95.50949914  95.33678756  94.12780656  96.20034542]
94.70
0.87
[ 6  8  8  8  8  9  7  9  8 10  8  8  8  8  8  7  8  9  8  9  8  8  8  9  8
  8  8  9  8  7  9  9  8  9  9  9  8  8  7  8 10  9  8  8  9  8  9  8  8  9
  8  9  9  9  7  8  9  7  7  8  8  8  9  8  8  8  9 10  7  9  8  8  8  8  9
  9  8  8  8  7  8  9  8  8  6  8 10  8  9  9  8  8  8  8  8  9  7  8  9  8]
LogisticRegression
[ 97.92746114  98.61830743  97.92746114  98.61830743  98.10017271
  98.44559585  98.10017271  98.96373057  98.61830743  98.96373057
  97.582038    98.10017271  98.44559585  97.582038    97.23661485
  98.10017271  98.27288428  98.27288428  98.44559585  97.92746114
  99.30915371  97.582038    98.44559585  98.61830743  99.13644214
  98.96373057  98.791019    98.27288428  98.27288428  98.61830743
  98.791019    98.44559585  99.13644214  98.44559585  97.92746114
  98.61830743  98.61830743  98.27288428  97.92746114  98.44559585
  97.75474957  98.27288428  98.10017271  98.61830743  98.44559585
  97.582038    98.27288428  97.75474957  98.27288428  98.44559585
  97.75474957  97.582038    98.44559585  98.10017271  97.582038    97.582038
  97.40932642  99.30915371  98.96373057  99.13644214  98.61830743
  97.582038    98.27288428  97.582038    98.10017271  99.30915371
  98.44559585  98.791019    97.75474957  98.791019    98.10017271
  98.791019    98.791019    98.96373057  98.27288428  98.791019
  97.92746114  98.44559585  98.44559585  98.791019    98.44559585
  98.44559585  98.61830743  97.92746114  98.96373057  98.96373057
  96.89119171  98.61830743  98.27288428  98.791019    98.791019
  98.10017271  98.96373057  99.13644214  98.27288428  98.61830743
  98.791019    99.13644214  97.92746114  98.27288428]
98.37
0.50
[2 1 2 2 2 1 1 1 2 2 2 1 1 4 2 2 1 2 1 1 1 2 1 2 1 2 1 1 2 2 1 2 1 1 1 1 2
 1 1 1 2 2 2 1 2 2 2 3 1 1 1 3 1 1 1 2 2 1 1 1 1 1 1 1 2 1 1 1 1 1 1 1 1 1
 1 1 1 1 2 1 1 1 1 1 1 1 1 1 1 1 1 1 1 1 1 1 1 1 1 2]
MultinomialNB
[ 95.16407599  96.02763385  96.02763385  97.23661485  97.23661485
  97.40932642  96.54576857  97.06390328  97.40932642  96.37305699
  97.06390328  97.06390328  96.54576857  97.40932642  95.85492228
  96.89119171  96.54576857  96.54576857  97.06390328  96.54576857
  98.61830743  98.10017271  96.02763385  97.06390328  97.40932642
  96.71848014  97.06390328  97.40932642  97.582038    97.06390328
  96.71848014  97.40932642  96.54576857  97.75474957  97.06390328
  97.23661485  97.06390328  97.40932642  95.68221071  96.89119171
  96.71848014  97.40932642  96.89119171  97.06390328  97.23661485
  96.54576857  96.37305699  97.40932642  96.20034542  97.06390328
  96.54576857  97.582038    97.06390328  97.582038    96.02763385
  96.54576857  96.20034542  96.20034542  97.582038    97.40932642
  96.54576857  96.54576857  97.40932642  96.02763385  97.06390328
  96.89119171  97.23661485  96.89119171  95.50949914  97.92746114
  97.06390328  96.89119171  97.75474957  96.37305699  97.06390328
  97.23661485  97.92746114  97.40932642  97.06390328  97.582038
  97.92746114  95.68221071  97.75474957  97.06390328  96.02763385
  97.06390328  96.20034542  96.37305699  97.23661485  97.40932642
  97.40932642  97.06390328  97.40932642  97.582038    96.89119171
  96.71848014  96.54576857  97.582038    97.40932642  97.92746114]
96.96
0.61
[7 6 6 4 3 4 5 4 5 6 3 3 7 5 6 5 5 5 5 5 3 1 4 5 5 6 6 5 4 6 6 4 5 5 4 5 5
 4 5 4 5 5 4 5 5 4 6 5 7 4 6 3 6 4 5 6 5 6 3 5 6 4 4 6 5 6 5 4 5 5 5 6 3 6
 6 5 1 3 5 5 4 7 5 4 7 5 5 6 4 4 6 3 6 6 5 5 5 4 2 3]
BernoulliNB
[ 95.16407599  96.02763385  95.50949914  95.85492228  94.64594128
  95.85492228  94.99136442  96.02763385  95.50949914  96.20034542
  96.37305699  95.68221071  96.89119171  95.85492228  95.85492228
  96.89119171  94.99136442  95.50949914  96.54576857  95.85492228
  96.02763385  95.33678756  95.68221071  97.40932642  96.20034542
  97.06390328  95.33678756  96.02763385  96.71848014  94.64594128
  97.06390328  97.23661485  95.33678756  95.50949914  95.16407599
  96.20034542  96.89119171  95.85492228  93.60967185  96.54576857
  96.02763385  95.68221071  95.68221071  96.37305699  96.89119171
  95.16407599  96.02763385  96.37305699  96.71848014  94.99136442
  96.02763385  96.02763385  96.37305699  96.89119171  93.60967185
  95.85492228  94.47322971  94.81865285  95.68221071  96.54576857
  95.85492228  94.99136442  97.06390328  95.68221071  95.85492228
  96.02763385  96.20034542  94.99136442  93.95509499  97.75474957
  95.68221071  96.89119171  95.33678756  95.68221071  96.89119171
  94.81865285  95.68221071  96.37305699  95.50949914  95.85492228
  96.20034542  96.02763385  95.85492228  95.50949914  94.81865285
  96.20034542  94.12780656  95.16407599  96.54576857  96.02763385
  97.92746114  95.33678756  96.54576857  97.92746114  95.68221071
  96.71848014  96.37305699  96.37305699  95.68221071  97.06390328]
95.92
0.84
[7 6 7 7 7 6 8 7 7 7 6 7 6 7 6 5 7 6 7 6 7 7 6 3 7 5 7 6 7 8 5 5 7 7 7 7 6
 7 8 6 7 7 7 6 7 7 7 6 5 7 7 7 7 5 7 7 6 9 7 7 7 7 6 7 7 7 7 7 8 6 7 6 7 7
 7 7 7 7 7 7 7 6 7 7 8 7 7 7 7 7 4 7 7 4 7 5 6 7 7 6]
AdaBoost
[ 96.20034542  97.92746114  98.27288428  97.75474957  97.06390328
  97.75474957  97.75474957  98.10017271  98.10017271  97.92746114
  97.06390328  97.06390328  97.582038    98.61830743  97.23661485
  97.92746114  97.06390328  97.23661485  97.582038    97.582038
  98.27288428  97.582038    95.85492228  96.54576857  99.13644214
  97.23661485  97.40932642  97.92746114  97.40932642  98.791019
  98.44559585  97.06390328  97.92746114  98.44559585  97.582038
  98.10017271  98.27288428  98.27288428  96.02763385  96.89119171
  97.75474957  98.10017271  96.89119171  98.61830743  97.23661485
  96.89119171  97.92746114  98.27288428  98.27288428  98.10017271
  97.40932642  97.75474957  98.44559585  97.92746114  96.54576857
  98.44559585  96.54576857  97.92746114  97.582038    98.61830743
  98.61830743  97.06390328  97.23661485  97.582038    97.75474957
  97.75474957  97.40932642  96.89119171  96.02763385  98.61830743
  97.23661485  97.92746114  96.71848014  98.61830743  97.75474957
  98.10017271  97.06390328  97.23661485  97.582038    97.582038
  98.10017271  98.10017271  98.44559585  97.92746114  97.582038
  98.10017271  96.37305699  98.27288428  97.40932642  97.06390328
  97.92746114  96.71848014  97.582038    97.92746114  97.06390328
  98.10017271  97.582038    97.582038    96.02763385  97.40932642]
97.62
0.67
[5 4 1 3 4 3 3 3 3 4 3 3 4 1 2 3 3 4 4 2 4 2 5 7 1 4 4 3 5 1 2 6 3 1 3 3 3
 1 4 4 2 3 4 1 5 3 4 1 1 2 3 1 1 2 4 1 4 4 3 3 1 3 5 1 3 3 4 4 4 3 3 3 5 2
 3 3 5 4 3 5 3 2 3 1 3 2 4 2 3 5 4 5 5 4 4 3 3 4 6 4]
RandomForest
[ 96.54576857  96.89119171  96.89119171  96.20034542  96.89119171
  95.85492228  96.02763385  96.54576857  96.71848014  97.92746114
  96.37305699  96.89119171  97.06390328  97.06390328  96.37305699
  96.20034542  96.54576857  94.99136442  98.10017271  95.68221071
  97.75474957  96.20034542  95.68221071  96.89119171  97.75474957
  96.54576857  97.582038    95.68221071  97.06390328  97.582038
  96.37305699  96.02763385  96.54576857  97.06390328  96.37305699
  97.06390328  96.20034542  96.37305699  94.81865285  95.50949914
  96.71848014  97.582038    96.54576857  95.85492228  97.92746114
  95.85492228  97.06390328  95.50949914  96.54576857  95.16407599
  97.06390328  96.71848014  97.40932642  96.02763385  94.47322971
  97.06390328  94.12780656  97.40932642  97.06390328  97.40932642
  97.23661485  95.68221071  95.85492228  96.37305699  97.06390328
  97.40932642  96.89119171  95.33678756  94.64594128  98.61830743
  96.89119171  97.06390328  95.68221071  97.23661485  97.23661485
  96.54576857  96.71848014  96.89119171  96.02763385  97.75474957
  96.89119171  97.06390328  96.20034542  96.71848014  97.06390328
  97.40932642  95.50949914  96.89119171  96.89119171  96.89119171
  96.71848014  96.54576857  97.92746114  96.71848014  96.54576857
  95.85492228  95.33678756  97.40932642  96.54576857  96.54576857]
96.59
0.81
[4 5 4 6 6 6 6 6 6 4 6 5 5 6 5 8 5 7 2 7 5 6 6 6 4 7 3 7 6 4 7 7 5 6 6 6 7
 6 6 7 5 4 6 7 3 6 5 7 6 6 5 6 5 7 6 3 7 5 5 5 5 6 7 5 5 5 6 6 6 3 6 5 6 5
 4 6 6 6 6 4 6 5 6 5 5 4 6 5 5 6 7 6 3 7 6 7 8 6 5 7]

<bound method MLPClassifier.get_params of MLPClassifier(activation='relu', alpha=0.0001, batch_size='auto', beta_1=0.9,
       beta_2=0.999, early_stopping=False, epsilon=1e-08,
       hidden_layer_sizes=(100,), learning_rate='constant',
       learning_rate_init=0.001, max_iter=200, momentum=0.9,
       nesterovs_momentum=True, power_t=0.5, random_state=None,
       shuffle=True, solver='adam', tol=0.0001, validation_fraction=0.1,
       verbose=False, warm_start=False)>
<bound method LinearSVC.get_params of LinearSVC(C=1.0, class_weight=None, dual=True, fit_intercept=True,
     intercept_scaling=1, loss='squared_hinge', max_iter=1000,
     multi_class='ovr', penalty='l2', random_state=None, tol=0.0001,
     verbose=0)>
<bound method SVC.get_params of SVC(C=1.0, cache_size=200, class_weight=None, coef0=0.0,
  decision_function_shape='ovr', degree=3, gamma='auto', kernel='rbf',
  max_iter=-1, probability=False, random_state=None, shrinking=True,
  tol=0.001, verbose=False)>
<bound method DecisionTreeClassifier.get_params of DecisionTreeClassifier(class_weight=None, criterion='gini', max_depth=None,
            max_features=None, max_leaf_nodes=None,
            min_impurity_decrease=0.0, min_impurity_split=None,
            min_samples_leaf=1, min_samples_split=2,
            min_weight_fraction_leaf=0.0, presort=False, random_state=None,
            splitter='best')>
<bound method KNeighborsClassifier.get_params of KNeighborsClassifier(algorithm='auto', leaf_size=30, metric='minkowski',
           metric_params=None, n_jobs=1, n_neighbors=5, p=2,
           weights='uniform')>
<bound method LogisticRegression.get_params of LogisticRegression(C=1.0, class_weight=None, dual=False, fit_intercept=True,
          intercept_scaling=1, max_iter=100, multi_class='ovr', n_jobs=1,
          penalty='l2', random_state=None, solver='liblinear', tol=0.0001,
          verbose=0, warm_start=False)>
<bound method MultinomialNB.get_params of MultinomialNB(alpha=1.0, class_prior=None, fit_prior=True)>
<bound method BernoulliNB.get_params of BernoulliNB(alpha=1.0, binarize=0.0, class_prior=None, fit_prior=True)>
<bound method AdaBoostClassifier.get_params of AdaBoostClassifier(algorithm='SAMME.R', base_estimator=None,
          learning_rate=1.0, n_estimators=50, random_state=None)>
<bound method RandomForestClassifier.get_params of RandomForestClassifier(bootstrap=True, class_weight=None, criterion='gini',
            max_depth=None, max_features='auto', max_leaf_nodes=None,
            min_impurity_decrease=0.0, min_impurity_split=None,
            min_samples_leaf=1, min_samples_split=2,
            min_weight_fraction_leaf=0.0, n_estimators=10, n_jobs=1,
            oob_score=False, random_state=None, verbose=0,
            warm_start=False)>
