21.493017 minutes
Ling-Spam_600:
Emails: 2893
Words: 600
Ham: 2412
Spam: 481

Average accurasy:
MLPClassifier            98.10
LinearSVC                96.90
KNeighborsClassifier     91.68
LogisticRegression       92.70
MultinomialNB            92.32
RandomForestClassifier   96.79

Standard deviation:
MLPClassifier            0.45
LinearSVC                0.58
KNeighborsClassifier     0.99
LogisticRegression       0.81
MultinomialNB            0.87
RandomForestClassifier   0.74

Accurasies:
MLPClassifier            [97.51381215469614, 98.063623789764861, 97.510373443983397, 98.61687413554634, 98.204419889502759, 98.340248962655593, 97.372060857538031, 98.478561549100974, 97.790055248618785, 97.925311203319495, 97.925311203319495, 98.201936376210227, 99.033149171270722, 98.478561549100974, 97.233748271092665, 98.755186721991706, 98.204419889502759, 98.340248962655593, 98.755186721991706, 96.818810511756567, 98.480662983425418, 98.063623789764861, 98.063623789764861, 97.510373443983397, 97.928176795580114, 98.063623789764861, 98.61687413554634, 97.925311203319495, 97.375690607734811, 97.786998616874129, 98.478561549100974, 98.755186721991706, 97.651933701657455, 97.648686030428763, 98.478561549100974, 98.063623789764861, 98.06629834254143, 98.755186721991706, 97.648686030428763, 98.063623789764861, 99.033149171270722, 98.478561549100974, 98.063623789764861, 98.340248962655593, 97.375690607734811, 98.063623789764861, 97.786998616874129, 97.786998616874129, 98.618784530386733, 98.063623789764861, 98.340248962655593, 98.478561549100974, 98.204419889502759, 98.340248962655593, 98.340248962655593, 98.340248962655593, 97.928176795580114, 98.61687413554634, 98.478561549100974, 98.063623789764861, 97.651933701657455, 98.755186721991706, 98.340248962655593, 98.201936376210227, 97.790055248618785, 98.478561549100974, 98.201936376210227, 98.201936376210227, 98.204419889502759, 97.510373443983397, 98.340248962655593, 97.786998616874129, 98.618784530386733, 97.233748271092665, 98.201936376210227, 97.510373443983397, 98.756906077348063, 98.61687413554634, 98.063623789764861, 97.510373443983397, 98.895027624309392, 97.925311203319495, 97.925311203319495, 97.095435684647299, 97.928176795580114, 98.063623789764861, 98.340248962655593, 98.340248962655593, 97.790055248618785, 97.648686030428763, 97.510373443983397, 98.201936376210227, 98.895027624309392, 98.063623789764861, 98.478561549100974, 97.372060857538031, 97.928176795580114, 98.063623789764861, 97.648686030428763, 98.201936376210227]
LinearSVC                [96.408839779005532, 96.818810511756567, 96.957123098201933, 97.372060857538031, 96.546961325966848, 96.957123098201933, 95.988934993084371, 98.340248962655593, 96.546961325966848, 96.127247579529737, 96.957123098201933, 97.095435684647299, 97.51381215469614, 96.818810511756567, 97.233748271092665, 97.233748271092665, 95.58011049723757, 96.818810511756567, 98.063623789764861, 96.127247579529737, 97.790055248618785, 96.680497925311201, 97.095435684647299, 96.818810511756567, 97.099447513812152, 96.818810511756567, 97.095435684647299, 97.095435684647299, 96.132596685082873, 96.542185338865835, 96.403872752420469, 97.510373443983397, 96.132596685082873, 97.095435684647299, 97.372060857538031, 96.957123098201933, 97.375690607734811, 97.786998616874129, 96.403872752420469, 97.372060857538031, 97.651933701657455, 97.095435684647299, 96.957123098201933, 96.127247579529737, 96.408839779005532, 97.648686030428763, 97.233748271092665, 96.680497925311201, 97.099447513812152, 96.542185338865835, 96.542185338865835, 97.372060857538031, 97.099447513812152, 97.510373443983397, 95.988934993084371, 96.265560165975103, 96.685082872928177, 96.957123098201933, 96.680497925311201, 96.957123098201933, 95.303867403314911, 97.648686030428763, 97.095435684647299, 97.372060857538031, 96.270718232044189, 97.648686030428763, 97.510373443983397, 96.403872752420469, 96.961325966850836, 96.680497925311201, 97.372060857538031, 95.850622406639005, 97.375690607734811, 95.850622406639005, 97.372060857538031, 96.957123098201933, 97.51381215469614, 96.818810511756567, 96.403872752420469, 96.403872752420469, 97.790055248618785, 96.403872752420469, 96.542185338865835, 97.095435684647299, 96.408839779005532, 96.127247579529737, 97.510373443983397, 97.648686030428763, 97.928176795580114, 95.988934993084371, 96.680497925311201, 97.372060857538031, 97.51381215469614, 96.542185338865835, 97.095435684647299, 96.818810511756567, 96.408839779005532, 97.095435684647299, 97.510373443983397, 96.265560165975103]
KNeighborsClassifier     [91.988950276243102, 92.946058091286304, 91.009681881051179, 92.39280774550484, 92.403314917127076, 90.318118948824349, 91.562932226832643, 92.531120331950206, 92.127071823204417, 89.764868603042885, 91.147994467496545, 91.977869986168741, 92.817679558011051, 91.147994467496545, 91.286307053941911, 93.7759336099585, 91.574585635359114, 92.807745504840938, 91.839557399723375, 91.839557399723375, 92.127071823204417, 90.456431535269715, 91.147994467496545, 93.222683264177036, 90.745856353591165, 93.360995850622402, 91.562932226832643, 90.733056708160447, 91.988950276243102, 91.977869986168741, 91.147994467496545, 92.116182572614107, 89.640883977900558, 90.871369294605813, 91.562932226832643, 91.424619640387277, 92.679558011049721, 93.222683264177036, 91.286307053941911, 90.179806362378983, 91.712707182320443, 92.254495159059474, 92.39280774550484, 89.349930843706787, 89.640883977900558, 91.977869986168741, 92.254495159059474, 91.562932226832643, 93.508287292817684, 92.254495159059474, 91.147994467496545, 91.424619640387277, 91.850828729281758, 91.977869986168741, 91.147994467496545, 92.807745504840938, 90.193370165745861, 90.318118948824349, 91.839557399723375, 93.637621023513134, 91.712707182320443, 93.08437067773167, 91.562932226832643, 92.531120331950206, 91.298342541436455, 92.807745504840938, 91.562932226832643, 90.733056708160447, 92.541436464088406, 91.009681881051179, 91.839557399723375, 90.871369294605813, 91.712707182320443, 92.39280774550484, 92.116182572614107, 91.562932226832643, 93.646408839778999, 91.977869986168741, 91.147994467496545, 91.701244813278009, 91.988950276243102, 90.318118948824349, 91.147994467496545, 90.456431535269715, 92.127071823204417, 91.286307053941911, 91.424619640387277, 91.424619640387277, 91.574585635359114, 88.520055325034576, 90.871369294605813, 92.669432918395572, 93.646408839778999, 90.041493775933617, 91.839557399723375, 92.254495159059474, 90.88397790055248, 92.39280774550484, 92.116182572614107, 90.871369294605813]
LogisticRegression       [92.679558011049721, 93.499308437067768, 91.839557399723375, 92.807745504840938, 92.679558011049721, 92.39280774550484, 92.807745504840938, 93.360995850622402, 93.232044198895025, 93.08437067773167, 92.39280774550484, 92.254495159059474, 92.817679558011051, 93.08437067773167, 92.531120331950206, 92.669432918395572, 90.055248618784532, 92.531120331950206, 94.052558782849232, 93.360995850622402, 92.817679558011051, 92.116182572614107, 92.946058091286304, 92.531120331950206, 92.403314917127076, 93.08437067773167, 92.531120331950206, 92.531120331950206, 91.298342541436455, 92.807745504840938, 93.360995850622402, 92.946058091286304, 91.712707182320443, 93.499308437067768, 92.669432918395572, 93.914246196403866, 92.95580110497238, 93.222683264177036, 91.839557399723375, 92.669432918395572, 92.265193370165747, 93.637621023513134, 93.914246196403866, 91.286307053941911, 92.541436464088406, 92.116182572614107, 93.7759336099585, 92.116182572614107, 92.95580110497238, 90.871369294605813, 93.499308437067768, 93.222683264177036, 92.817679558011051, 92.531120331950206, 92.39280774550484, 92.946058091286304, 91.712707182320443, 93.222683264177036, 92.116182572614107, 94.46749654218533, 92.127071823204417, 92.807745504840938, 93.08437067773167, 93.7759336099585, 91.712707182320443, 92.807745504840938, 94.052558782849232, 92.116182572614107, 94.198895027624303, 93.08437067773167, 91.701244813278009, 91.286307053941911, 91.988950276243102, 93.222683264177036, 92.531120331950206, 93.08437067773167, 93.508287292817684, 93.914246196403866, 91.424619640387277, 92.39280774550484, 93.232044198895025, 91.286307053941911, 92.531120331950206, 93.222683264177036, 92.541436464088406, 90.871369294605813, 93.914246196403866, 92.669432918395572, 93.646408839778999, 91.977869986168741, 92.807745504840938, 92.946058091286304, 93.646408839778999, 92.531120331950206, 91.701244813278009, 92.531120331950206, 92.403314917127076, 91.562932226832643, 94.46749654218533, 92.116182572614107]
MultinomialNB            [92.817679558011051, 92.39280774550484, 91.701244813278009, 92.254495159059474, 91.988950276243102, 92.669432918395572, 92.39280774550484, 92.807745504840938, 92.95580110497238, 92.254495159059474, 92.116182572614107, 91.977869986168741, 92.817679558011051, 91.839557399723375, 91.977869986168741, 93.360995850622402, 90.607734806629836, 92.254495159059474, 93.914246196403866, 92.669432918395572, 92.817679558011051, 91.424619640387277, 93.222683264177036, 91.977869986168741, 92.127071823204417, 92.807745504840938, 91.701244813278009, 92.669432918395572, 91.298342541436455, 92.669432918395572, 92.254495159059474, 92.946058091286304, 91.160220994475139, 92.39280774550484, 91.977869986168741, 93.7759336099585, 92.679558011049721, 92.116182572614107, 91.147994467496545, 93.08437067773167, 92.265193370165747, 93.222683264177036, 93.637621023513134, 91.147994467496545, 92.541436464088406, 91.286307053941911, 92.946058091286304, 91.977869986168741, 92.95580110497238, 89.903181189488251, 93.08437067773167, 92.531120331950206, 93.508287292817684, 92.669432918395572, 91.977869986168741, 91.286307053941911, 90.193370165745861, 92.531120331950206, 91.701244813278009, 94.46749654218533, 91.436464088397798, 92.946058091286304, 91.977869986168741, 93.222683264177036, 91.298342541436455, 92.116182572614107, 93.914246196403866, 91.977869986168741, 93.370165745856355, 93.08437067773167, 91.009681881051179, 91.147994467496545, 91.02209944751381, 92.531120331950206, 92.531120331950206, 93.222683264177036, 92.679558011049721, 92.946058091286304, 90.733056708160447, 92.116182572614107, 92.95580110497238, 90.456431535269715, 92.531120331950206, 93.637621023513134, 91.850828729281758, 91.009681881051179, 93.637621023513134, 92.39280774550484, 93.370165745856355, 90.871369294605813, 91.977869986168741, 92.946058091286304, 92.95580110497238, 91.562932226832643, 92.669432918395572, 92.531120331950206, 92.127071823204417, 92.254495159059474, 93.360995850622402, 91.977869986168741]
RandomForestClassifier   [96.408839779005532, 97.095435684647299, 98.201936376210227, 94.605809128630696, 96.546961325966848, 97.095435684647299, 95.573997233748273, 97.648686030428763, 97.375690607734811, 95.15905947441216, 96.403872752420469, 97.510373443983397, 96.546961325966848, 96.680497925311201, 96.403872752420469, 97.648686030428763, 96.685082872928177, 96.403872752420469, 97.786998616874129, 96.680497925311201, 97.237569060773481, 96.818810511756567, 95.435684647302907, 95.988934993084371, 96.823204419889507, 97.510373443983397, 98.063623789764861, 95.988934993084371, 96.823204419889507, 96.265560165975103, 97.372060857538031, 97.233748271092665, 95.718232044198885, 97.095435684647299, 97.510373443983397, 96.265560165975103, 96.685082872928177, 97.233748271092665, 96.265560165975103, 96.680497925311201, 95.58011049723757, 97.095435684647299, 98.201936376210227, 96.127247579529737, 96.132596685082873, 96.818810511756567, 97.372060857538031, 97.372060857538031, 97.790055248618785, 96.127247579529737, 96.818810511756567, 95.850622406639005, 96.685082872928177, 97.095435684647299, 97.372060857538031, 97.095435684647299, 96.408839779005532, 96.818810511756567, 97.233748271092665, 97.510373443983397, 96.823204419889507, 98.201936376210227, 95.297372060857526, 97.510373443983397, 96.270718232044189, 96.957123098201933, 97.648686030428763, 96.680497925311201, 96.685082872928177, 97.095435684647299, 97.233748271092665, 96.265560165975103, 97.099447513812152, 96.265560165975103, 96.542185338865835, 96.127247579529737, 97.928176795580114, 97.510373443983397, 96.680497925311201, 95.573997233748273, 97.375690607734811, 95.988934993084371, 97.510373443983397, 97.233748271092665, 96.546961325966848, 95.435684647302907, 96.127247579529737, 97.648686030428763, 96.961325966850836, 95.988934993084371, 95.573997233748273, 97.925311203319495, 97.237569060773481, 96.127247579529737, 96.680497925311201, 95.988934993084371, 97.51381215469614, 96.265560165975103, 97.786998616874129, 97.233748271092665]

Standings:
MLPClassifier            [1, 1, 2, 1, 1, 1, 1, 1, 1, 1, 1, 1, 1, 1, 1, 1, 1, 1, 1, 1, 1, 1, 1, 1, 1, 1, 1, 1, 1, 1, 1, 1, 1, 1, 1, 1, 1, 1, 1, 1, 1, 1, 2, 1, 1, 1, 1, 1, 1, 1, 1, 1, 1, 1, 1, 1, 1, 1, 1, 1, 1, 1, 1, 1, 1, 1, 1, 1, 1, 1, 1, 1, 1, 1, 1, 1, 1, 1, 1, 1, 1, 1, 1, 2, 1, 1, 1, 1, 2, 1, 1, 1, 1, 1, 1, 1, 1, 1, 2, 1]
LinearSVC                [2, 3, 3, 2, 2, 3, 2, 2, 3, 2, 2, 3, 2, 2, 1, 3, 3, 2, 2, 3, 2, 3, 2, 2, 2, 3, 3, 2, 3, 2, 3, 2, 2, 2, 3, 2, 2, 2, 2, 2, 2, 2, 3, 2, 2, 2, 3, 3, 3, 2, 3, 2, 2, 2, 3, 3, 2, 2, 3, 3, 3, 3, 2, 3, 2, 2, 3, 3, 2, 3, 2, 3, 2, 3, 2, 2, 3, 3, 3, 2, 2, 2, 3, 2, 3, 2, 2, 2, 1, 2, 2, 3, 2, 2, 2, 2, 3, 2, 3, 3]
KNeighborsClassifier     [6, 5, 6, 5, 5, 6, 6, 6, 6, 6, 6, 5, 4, 6, 6, 4, 4, 4, 6, 6, 6, 6, 6, 4, 6, 4, 6, 6, 4, 6, 6, 6, 6, 6, 6, 6, 5, 4, 5, 6, 6, 6, 6, 6, 6, 5, 6, 6, 4, 4, 6, 6, 6, 6, 6, 5, 5, 6, 5, 6, 5, 4, 6, 6, 5, 4, 6, 6, 6, 6, 4, 6, 5, 6, 6, 6, 4, 6, 5, 6, 6, 6, 6, 6, 5, 4, 6, 6, 6, 6, 6, 6, 4, 6, 5, 6, 6, 4, 6, 6]
LogisticRegression       [5, 4, 4, 4, 4, 5, 4, 4, 4, 4, 4, 4, 4, 4, 4, 6, 6, 5, 4, 4, 4, 4, 5, 5, 4, 5, 4, 5, 5, 4, 4, 4, 4, 4, 4, 4, 4, 4, 4, 5, 4, 4, 4, 4, 4, 4, 4, 4, 5, 5, 4, 4, 5, 5, 4, 4, 4, 4, 4, 4, 4, 6, 4, 4, 4, 4, 4, 4, 4, 4, 5, 4, 4, 4, 4, 5, 5, 4, 4, 4, 4, 4, 4, 5, 4, 6, 4, 4, 4, 4, 4, 4, 4, 4, 6, 4, 4, 6, 4, 4]
MultinomialNB            [4, 6, 5, 6, 6, 4, 5, 5, 5, 5, 5, 5, 4, 5, 5, 5, 5, 6, 5, 5, 4, 5, 4, 6, 5, 6, 5, 4, 5, 5, 5, 4, 5, 5, 5, 5, 5, 6, 6, 4, 4, 5, 5, 5, 4, 6, 5, 5, 5, 6, 5, 5, 4, 4, 5, 6, 5, 5, 6, 4, 6, 5, 5, 5, 5, 6, 5, 5, 5, 4, 6, 5, 6, 5, 4, 4, 6, 5, 6, 5, 5, 5, 4, 4, 6, 5, 5, 5, 5, 5, 5, 4, 6, 5, 4, 4, 5, 5, 5, 5]
RandomForestClassifier   [2, 2, 1, 3, 2, 2, 3, 3, 2, 3, 3, 2, 3, 3, 3, 2, 2, 3, 3, 2, 3, 2, 3, 3, 3, 2, 2, 3, 2, 3, 2, 3, 3, 2, 2, 3, 3, 3, 3, 3, 3, 2, 1, 2, 3, 3, 2, 2, 2, 3, 2, 3, 3, 3, 2, 2, 3, 3, 2, 2, 2, 2, 3, 2, 2, 3, 2, 2, 3, 2, 3, 2, 3, 2, 3, 3, 2, 2, 2, 3, 3, 3, 2, 1, 2, 3, 3, 2, 3, 2, 3, 2, 3, 3, 3, 3, 2, 3, 1, 2]

Parameters:
MLPClassifier:
<bound method MLPClassifier.get_params of MLPClassifier(activation='relu', alpha=0.0001, batch_size='auto', beta_1=0.9,
       beta_2=0.999, early_stopping=False, epsilon=1e-08,
       hidden_layer_sizes=(100,), learning_rate='constant',
       learning_rate_init=0.001, max_iter=200, momentum=0.9,
       nesterovs_momentum=True, power_t=0.5, random_state=None,
       shuffle=True, solver='adam', tol=0.0001, validation_fraction=0.1,
       verbose=False, warm_start=False)>
LinearSVC:
<bound method LinearSVC.get_params of LinearSVC(C=1.0, class_weight=None, dual=True, fit_intercept=True,
     intercept_scaling=1, loss='squared_hinge', max_iter=1000,
     multi_class='ovr', penalty='l2', random_state=None, tol=0.0001,
     verbose=0)>
KNeighborsClassifier:
<bound method KNeighborsClassifier.get_params of KNeighborsClassifier(algorithm='auto', leaf_size=30, metric='minkowski',
           metric_params=None, n_jobs=1, n_neighbors=5, p=2,
           weights='uniform')>
LogisticRegression:
<bound method LogisticRegression.get_params of LogisticRegression(C=1.0, class_weight=None, dual=False, fit_intercept=True,
          intercept_scaling=1, max_iter=100, multi_class='ovr', n_jobs=1,
          penalty='l2', random_state=None, solver='liblinear', tol=0.0001,
          verbose=0, warm_start=False)>
MultinomialNB:
<bound method MultinomialNB.get_params of MultinomialNB(alpha=1.0, class_prior=None, fit_prior=True)>
RandomForestClassifier:
<bound method RandomForestClassifier.get_params of RandomForestClassifier(bootstrap=True, class_weight=None, criterion='gini',
            max_depth=None, max_features='auto', max_leaf_nodes=None,
            min_impurity_decrease=0.0, min_impurity_split=None,
            min_samples_leaf=1, min_samples_split=2,
            min_weight_fraction_leaf=0.0, n_estimators=10, n_jobs=1,
            oob_score=False, random_state=None, verbose=0,
            warm_start=False)>
