171.601317 minutes
Ling-Spam_500_Tuned:
Emails: 2893
Words: 500
Ham: 2412
Spam: 481

MLP
[ 97.92746114  97.40932642  97.40932642  97.582038    98.27288428
  98.44559585  97.92746114  97.582038    97.06390328  98.27288428
  97.92746114  96.71848014  97.23661485  97.06390328  98.44559585
  98.61830743  98.44559585  97.40932642  97.582038    98.27288428
  97.582038    98.96373057  97.75474957  98.10017271  98.44559585
  98.10017271  97.75474957  98.27288428  97.06390328  98.10017271
  98.791019    97.40932642  99.30915371  98.61830743  97.40932642
  98.61830743  98.96373057  97.40932642  96.71848014  97.92746114
  97.582038    97.06390328  97.40932642  97.23661485  96.37305699
  98.44559585  97.06390328  97.23661485  98.44559585  97.92746114
  97.582038    97.582038    97.75474957  97.92746114  98.27288428
  98.96373057  98.27288428  97.40932642  97.75474957  97.40932642
  98.10017271  98.44559585  97.582038    98.10017271  98.10017271
  96.54576857  98.10017271  98.61830743  97.75474957  98.10017271
  97.92746114  98.10017271  98.10017271  97.23661485  97.75474957
  98.791019    98.96373057  98.10017271  98.44559585  97.92746114
  97.23661485  98.791019    98.27288428  98.10017271  97.92746114
  98.61830743  98.44559585  97.75474957  98.10017271  99.13644214
  97.92746114  98.27288428  98.44559585  96.89119171  98.44559585
  97.582038    97.75474957  97.582038    98.791019    98.791019  ]
97.94
0.60
[1 6 6 6 2 3 6 6 7 4 6 4 5 6 3 3 3 6 4 3 8 1 4 5 3 4 6 2 5 6 1 4 1 4 6 3 3
 5 6 6 4 6 5 7 7 3 7 5 1 4 5 5 2 4 4 2 5 5 5 6 3 2 6 2 4 4 3 1 4 5 7 6 2 8
 3 1 1 4 5 3 4 3 1 1 4 2 6 6 1 3 4 1 2 5 6 6 4 3 2 5]
LinearSVC
[ 97.23661485  97.582038    97.582038    97.75474957  98.27288428
  98.44559585  98.10017271  97.92746114  97.582038    98.27288428
  98.27288428  96.54576857  97.40932642  97.582038    98.44559585
  98.44559585  98.27288428  98.791019    97.23661485  97.92746114
  97.92746114  98.791019    97.92746114  98.27288428  98.10017271
  98.27288428  98.791019    98.27288428  97.23661485  98.44559585
  98.27288428  97.06390328  99.30915371  98.96373057  97.75474957
  98.10017271  98.44559585  98.10017271  97.06390328  98.44559585
  97.582038    97.92746114  97.40932642  97.75474957  97.23661485
  98.44559585  97.92746114  97.582038    98.27288428  97.92746114
  97.92746114  97.40932642  97.75474957  97.75474957  98.27288428
  98.791019    98.44559585  97.75474957  97.92746114  97.582038    97.582038
  97.75474957  97.92746114  97.75474957  98.10017271  96.54576857
  98.10017271  98.44559585  97.92746114  98.27288428  98.44559585
  98.27288428  98.10017271  98.44559585  97.582038    98.27288428
  98.96373057  98.10017271  99.13644214  97.92746114  97.40932642
  98.44559585  97.92746114  98.10017271  98.44559585  98.44559585
  98.61830743  98.44559585  97.75474957  99.13644214  97.75474957
  98.10017271  98.10017271  97.92746114  99.13644214  98.27288428
  98.10017271  97.40932642  97.92746114  98.96373057]
98.05
0.52
[4 4 5 5 2 3 3 2 2 4 3 5 4 4 3 5 5 1 5 6 4 2 3 3 5 3 1 2 3 2 6 6 1 2 3 5 5
 2 4 4 4 2 5 4 2 3 3 3 3 4 4 6 2 5 4 4 3 3 4 4 6 5 5 5 4 4 3 4 2 2 3 4 2 2
 5 3 1 4 1 3 3 6 3 1 1 4 3 2 5 3 6 4 3 3 2 3 2 4 5 1]
SVC
[ 97.23661485  97.40932642  97.92746114  97.92746114  98.10017271
  98.27288428  98.10017271  97.92746114  97.40932642  98.27288428
  98.27288428  96.54576857  97.23661485  97.582038    98.27288428
  98.44559585  98.27288428  98.791019    97.23661485  98.10017271
  97.92746114  98.791019    97.582038    98.61830743  97.92746114
  98.44559585  98.61830743  97.92746114  97.06390328  98.44559585
  98.10017271  97.06390328  99.30915371  98.96373057  97.75474957
  98.10017271  98.27288428  97.92746114  97.06390328  98.44559585
  97.40932642  97.92746114  97.40932642  97.582038    97.06390328
  98.44559585  97.75474957  97.75474957  98.27288428  97.75474957
  98.10017271  97.75474957  97.75474957  97.582038    98.44559585
  98.96373057  98.44559585  97.582038    97.75474957  97.582038
  97.75474957  97.75474957  98.10017271  97.75474957  98.10017271
  96.37305699  98.10017271  98.10017271  97.92746114  98.27288428
  98.44559585  98.44559585  97.92746114  98.44559585  97.40932642
  98.10017271  98.791019    98.27288428  99.13644214  97.75474957
  97.23661485  98.61830743  97.92746114  98.10017271  98.27288428
  98.44559585  98.61830743  98.61830743  97.92746114  99.13644214
  97.92746114  98.27288428  97.92746114  97.582038    99.13644214
  98.10017271  98.27288428  97.23661485  97.92746114  98.96373057]
98.02
0.55
[4 6 3 4 4 6 3 2 4 4 3 5 5 4 5 5 5 1 5 4 4 2 6 2 6 2 3 6 5 2 7 6 1 2 3 5 6
 3 4 4 6 2 5 6 3 3 5 1 3 6 3 3 2 6 2 2 3 4 5 4 4 5 2 5 4 7 3 6 2 2 3 2 5 2
 8 5 4 3 1 5 4 5 3 1 2 4 3 1 3 3 4 1 4 4 2 5 1 6 5 1]
DecisionTree
[ 94.30051813  93.43696028  95.85492228  94.64594128  95.68221071
  94.99136442  93.95509499  94.99136442  94.12780656  94.81865285
  95.16407599  94.47322971  94.99136442  94.12780656  94.47322971
  96.02763385  95.85492228  94.30051813  94.12780656  93.2642487
  96.37305699  96.37305699  94.99136442  94.64594128  95.68221071
  96.37305699  95.50949914  96.89119171  92.0552677   93.78238342
  95.16407599  95.50949914  96.71848014  93.95509499  94.64594128
  96.20034542  96.02763385  93.95509499  93.09153713  96.54576857
  94.81865285  94.12780656  94.64594128  95.16407599  92.91882556
  96.20034542  94.12780656  93.43696028  94.47322971  93.95509499
  93.09153713  95.68221071  93.60967185  95.33678756  94.12780656
  95.85492228  95.33678756  95.50949914  96.02763385  95.85492228
  94.64594128  94.30051813  94.81865285  93.2642487   95.85492228
  92.74611399  95.85492228  93.43696028  94.30051813  95.16407599
  94.47322971  93.60967185  96.02763385  93.95509499  95.33678756
  95.16407599  96.02763385  94.12780656  95.85492228  94.64594128
  96.02763385  96.89119171  92.40069085  95.68221071  94.81865285
  94.47322971  95.68221071  94.30051813  94.12780656  93.78238342
  95.50949914  93.78238342  96.02763385  93.78238342  94.99136442
  95.33678756  93.2642487   93.60967185  94.81865285  94.99136442]
94.80
1.05
[ 9 10  9  9  9 10  9  9 10 10  9  9  9 10  9 10  9  9 10 10  9  9 10 10 10
  7 10  8  9 10  9  9  9 10  9  9  9 10 10  9  9 10  9  9  9  8 10  9  9 10
 10  9 10  8 10  9  9  9  9  9  9  9  9 10 10  9  9 10 10  9  9 10  8 10  9
  9  9 10  9  9  9  7 10  7  9 10  9 10 10 10 10  9  9  9 10  9 10 10 10 10]
k-NN
[ 93.2642487   94.99136442  94.12780656  93.60967185  94.64594128
  95.85492228  93.60967185  94.12780656  94.47322971  96.89119171
  94.64594128  94.12780656  93.2642487   95.85492228  93.78238342
  96.20034542  95.33678756  93.95509499  94.30051813  95.33678756
  95.16407599  95.68221071  95.85492228  95.50949914  95.85492228
  95.85492228  96.02763385  96.20034542  91.88255613  94.64594128
  95.16407599  94.30051813  95.85492228  96.20034542  94.47322971
  94.30051813  95.50949914  94.12780656  93.78238342  95.68221071
  94.30051813  95.16407599  93.78238342  94.30051813  92.40069085
  96.02763385  94.81865285  92.74611399  94.12780656  94.64594128
  94.64594128  94.99136442  94.30051813  93.43696028  96.71848014
  95.33678756  93.09153713  94.64594128  93.43696028  92.57340242
  94.64594128  94.12780656  94.47322971  95.16407599  96.89119171
  92.40069085  94.12780656  95.68221071  95.68221071  94.81865285
  93.43696028  94.99136442  96.02763385  94.12780656  94.12780656
  94.30051813  94.81865285  95.50949914  95.50949914  94.12780656
  94.12780656  96.37305699  94.64594128  94.30051813  94.64594128
  95.50949914  95.16407599  94.81865285  95.33678756  94.81865285
  95.85492228  93.43696028  94.47322971  93.43696028  96.37305699
  94.30051813  93.95509499  94.47322971  96.02763385  95.50949914]
94.73
1.03
[10  9 10 10 10  9 10 10  9  9 10 10 10  9 10  9 10 10  9  9 10 10  8  9  9
  9  9 10 10  9  9 10 10  9 10 10 10  9  9 10 10  9 10 10 10  9  9 10 10  9
  9 10  9 10  8 10 10 10 10 10  9 10 10  9  8 10 10  9  9 10 10  9  8  9 10
 10 10  9 10 10 10 10  9 10 10  9 10  9  9  9  9 10 10 10  9 10  9  9  9  9]
LogisticRegression
[ 97.23661485  98.27288428  97.75474957  98.27288428  98.10017271
  98.61830743  98.791019    98.27288428  97.582038    98.44559585
  98.44559585  97.06390328  98.27288428  98.10017271  98.791019
  98.61830743  98.44559585  98.27288428  97.92746114  98.96373057
  97.92746114  98.791019    97.75474957  98.27288428  98.791019
  98.10017271  98.61830743  98.27288428  97.582038    98.44559585
  98.791019    97.75474957  99.30915371  99.30915371  98.10017271
  98.791019    98.96373057  98.27288428  97.23661485  98.791019
  97.92746114  97.92746114  97.75474957  98.10017271  96.89119171
  98.791019    97.23661485  97.40932642  98.44559585  98.44559585
  98.61830743  97.75474957  97.582038    98.27288428  98.44559585
  98.791019    98.791019    98.27288428  98.44559585  98.27288428
  97.75474957  98.791019    98.10017271  98.10017271  98.27288428
  96.89119171  97.75474957  98.61830743  98.27288428  98.27288428
  98.61830743  98.44559585  97.92746114  98.61830743  97.75474957
  98.27288428  98.791019    98.10017271  98.791019    98.10017271
  97.23661485  98.96373057  97.75474957  97.92746114  98.27288428
  98.791019    98.96373057  98.10017271  98.10017271  99.13644214
  98.10017271  98.27288428  98.61830743  98.10017271  99.30915371
  98.44559585  97.75474957  98.44559585  98.27288428  98.96373057]
98.26
0.52
[4 2 4 2 4 2 1 1 2 3 2 3 2 1 1 3 3 3 3 1 4 2 4 3 1 4 3 2 1 2 1 2 1 1 2 1 3
 1 2 1 3 2 3 2 4 2 6 4 1 2 1 3 5 1 2 4 2 2 1 3 4 1 2 2 1 1 7 1 1 2 1 2 5 1
 3 3 4 4 3 1 4 1 6 5 2 1 2 3 1 3 1 1 1 1 1 2 4 1 4 1]
MultinomialNB
[ 96.20034542  97.582038    97.06390328  96.54576857  97.06390328
  97.23661485  97.582038    96.89119171  97.23661485  98.10017271
  97.40932642  95.85492228  96.71848014  96.89119171  97.75474957
  97.40932642  97.582038    97.40932642  96.89119171  97.582038
  97.92746114  97.23661485  97.06390328  98.10017271  97.06390328
  96.02763385  96.89119171  97.75474957  97.06390328  97.75474957
  98.791019    97.06390328  97.92746114  96.71848014  97.06390328
  96.37305699  97.06390328  95.85492228  97.23661485  97.75474957
  96.71848014  96.71848014  96.89119171  97.92746114  96.54576857
  96.71848014  97.92746114  96.71848014  96.89119171  97.582038
  97.23661485  97.06390328  96.71848014  97.23661485  97.06390328
  97.582038    97.23661485  97.23661485  97.23661485  96.89119171
  96.89119171  97.06390328  97.582038    97.582038    96.71848014
  96.71848014  97.75474957  97.582038    97.40932642  97.06390328
  98.27288428  96.54576857  97.23661485  97.75474957  97.92746114
  97.40932642  97.23661485  97.75474957  98.10017271  97.23661485
  96.54576857  96.71848014  97.23661485  94.47322971  97.23661485
  97.582038    97.40932642  95.85492228  97.06390328  97.75474957
  96.20034542  96.20034542  96.71848014  96.71848014  97.40932642
  96.89119171  97.06390328  96.54576857  97.92746114  97.582038  ]
97.15
0.61
[8 4 8 8 7 7 7 7 5 7 7 8 7 7 7 8 7 6 7 7 4 8 7 5 8 8 8 7 5 7 1 6 8 7 7 8 8
 8 2 7 7 7 8 3 6 7 3 7 7 7 7 8 7 7 7 7 7 8 7 8 7 7 6 8 9 3 7 7 7 7 5 7 7 6
 1 7 8 7 7 6 7 8 7 9 7 7 7 7 8 8 7 8 8 7 7 8 7 8 5 7]
BernoulliNB
[ 96.54576857  96.02763385  97.23661485  96.71848014  97.06390328
  96.89119171  96.89119171  96.71848014  95.68221071  97.06390328
  96.71848014  96.20034542  95.33678756  96.71848014  97.06390328
  97.582038    96.54576857  95.68221071  96.71848014  96.37305699
  98.10017271  97.92746114  95.85492228  97.06390328  97.23661485
  95.16407599  97.06390328  96.89119171  94.81865285  96.71848014
  98.10017271  97.40932642  98.44559585  96.71848014  96.89119171
  96.89119171  97.75474957  96.37305699  95.85492228  96.71848014
  95.33678756  96.20034542  97.75474957  96.71848014  96.37305699
  95.68221071  96.37305699  95.33678756  96.89119171  96.02763385
  95.85492228  97.23661485  95.68221071  95.33678756  96.02763385
  97.582038    96.37305699  97.40932642  96.37305699  97.23661485
  96.71848014  96.54576857  96.89119171  97.75474957  97.40932642
  95.85492228  98.44559585  97.06390328  97.23661485  97.06390328
  97.75474957  96.37305699  95.85492228  97.582038    97.582038
  96.89119171  98.10017271  97.23661485  97.582038    96.37305699
  96.54576857  96.54576857  95.33678756  95.33678756  97.23661485
  97.06390328  96.89119171  95.85492228  97.40932642  98.10017271
  96.20034542  96.54576857  97.23661485  96.02763385  96.89119171
  97.06390328  96.89119171  96.71848014  97.23661485  97.06390328]
96.74
0.77
[ 7  8  7  7  7  8  8  8  8  8  8  7  8  8  8  7  8  8  8  8  2  7  8  8  7
 10  7  8  8  8  7  4  7  7  8  7  7  7  8  8  8  8  3  8  7 10  8  8  7  8
  8  7  8  8  9  7  8  5  8  7  8  8  8  5  7  8  2  8  8  7  8  8 10  7  5
  8  7  8  8  8  7  9  8  8  7  8  8  7  6  7  7  7  7  8  8  7  8  7  8  8]
AdaBoost
[ 97.40932642  98.10017271  98.791019    98.44559585  98.61830743
  99.13644214  98.27288428  97.92746114  97.75474957  98.791019
  98.96373057  97.582038    98.61830743  97.92746114  98.791019
  99.48186528  98.61830743  98.27288428  98.61830743  98.791019
  98.44559585  98.791019    98.44559585  98.791019    98.61830743
  98.61830743  98.44559585  98.96373057  97.582038    98.791019
  98.61830743  98.10017271  98.791019    98.44559585  98.27288428
  98.27288428  99.30915371  97.582038    97.582038    98.61830743
  98.10017271  97.40932642  98.791019    98.61830743  97.40932642
  98.96373057  98.44559585  97.75474957  98.27288428  98.61830743
  98.27288428  98.10017271  98.96373057  98.10017271  98.61830743
  98.791019    98.96373057  98.44559585  98.10017271  98.44559585
  98.791019    98.44559585  98.10017271  98.10017271  98.27288428
  96.89119171  98.96373057  98.44559585  97.582038    98.61830743
  98.61830743  98.27288428  98.791019    98.27288428  97.92746114
  98.61830743  98.27288428  98.791019    98.791019    98.10017271
  97.92746114  98.96373057  98.10017271  98.10017271  97.582038
  98.61830743  99.13644214  98.10017271  97.40932642  99.48186528
  98.10017271  97.92746114  97.75474957  98.10017271  98.61830743
  98.27288428  98.10017271  97.75474957  98.61830743  98.96373057]
98.37
0.49
[3 3 1 1 1 1 2 2 1 1 1 2 1 2 1 2 2 3 1 2 1 2 1 1 2 1 5 1 1 1 4 1 6 5 1 4 1
 4 1 2 2 5 1 1 1 1 1 1 3 1 2 2 1 3 1 4 1 1 3 2 1 2 2 2 1 1 1 4 5 1 1 4 1 5
 1 2 6 2 3 1 2 1 2 1 6 2 1 3 6 1 1 5 6 1 5 3 2 2 3 1]
RandomForest
[ 97.92746114  98.791019    98.61830743  98.10017271  98.10017271
  98.44559585  98.10017271  97.75474957  97.23661485  98.791019
  98.27288428  97.92746114  98.10017271  97.75474957  98.10017271
  99.65457686  98.791019    98.27288428  98.61830743  98.10017271
  98.10017271  98.61830743  98.44559585  98.10017271  98.44559585
  97.92746114  98.791019    98.10017271  97.23661485  98.27288428
  98.61830743  97.75474957  99.13644214  98.27288428  97.75474957
  98.791019    99.30915371  97.06390328  96.54576857  98.61830743
  98.27288428  98.791019    98.10017271  97.75474957  96.89119171
  98.44559585  98.10017271  97.23661485  97.92746114  98.27288428
  97.40932642  98.44559585  97.582038    98.27288428  97.582038
  99.30915371  98.27288428  97.40932642  98.27288428  98.61830743
  98.44559585  98.27288428  98.27288428  98.44559585  98.27288428
  96.54576857  98.10017271  98.61830743  97.582038    98.10017271
  98.10017271  98.61830743  98.10017271  98.44559585  97.582038
  97.75474957  98.96373057  99.13644214  98.27288428  97.06390328
  98.10017271  98.791019    97.92746114  97.92746114  97.75474957
  98.10017271  98.61830743  98.10017271  97.92746114  99.30915371
  98.10017271  97.75474957  97.92746114  96.89119171  98.96373057
  98.61830743  97.40932642  97.40932642  98.96373057  98.27288428]
98.16
0.59
[1 1 2 3 4 3 3 5 5 1 3 1 3 3 6 1 1 3 1 4 2 6 1 5 3 6 1 5 3 5 4 2 5 6 3 1 1
 6 7 2 1 1 2 4 4 3 2 5 6 3 6 1 5 1 6 1 5 5 2 1 2 4 1 1 1 4 3 1 5 5 6 1 2 2
 5 6 1 1 6 7 1 3 3 5 5 6 3 3 3 2 1 6 4 5 4 1 6 4 1 6]

MLP
Number of parameters combination: 16
LinearSVC
Number of parameters combination: 8
SVC
Number of parameters combination: 24
DecisionTree
Number of parameters combination: 72
k-NN
Number of parameters combination: 96
LogisticRegression
Number of parameters combination: 40
MultinomialNB
Number of parameters combination: 12
BernoulliNB
Number of parameters combination: 72
AdaBoost
Number of parameters combination: 50
RandomForest
Number of parameters combination: 144

<bound method MLPClassifier.get_params of MLPClassifier(activation='identity', alpha=0.0001, batch_size='auto',
       beta_1=0.9, beta_2=0.999, early_stopping=False, epsilon=1e-08,
       hidden_layer_sizes=(100,), learning_rate='constant',
       learning_rate_init=0.001, max_iter=100000, momentum=0.9,
       nesterovs_momentum=True, power_t=0.5, random_state=None,
       shuffle=True, solver='sgd', tol=0.0001, validation_fraction=0.1,
       verbose=False, warm_start=False)>
<bound method LinearSVC.get_params of LinearSVC(C=0.1, class_weight=None, dual=True, fit_intercept=True,
     intercept_scaling=1, loss='hinge', max_iter=1000, multi_class='ovr',
     penalty='l2', random_state=None, tol=0.0001, verbose=0)>
<bound method SVC.get_params of SVC(C=0.1, cache_size=200, class_weight=None, coef0=0.0,
  decision_function_shape='ovo', degree=3, gamma='auto', kernel='linear',
  max_iter=-1, probability=False, random_state=None, shrinking=True,
  tol=0.001, verbose=False)>
<bound method DecisionTreeClassifier.get_params of DecisionTreeClassifier(class_weight=None, criterion='entropy', max_depth=None,
            max_features=None, max_leaf_nodes=None,
            min_impurity_decrease=0.0, min_impurity_split=None,
            min_samples_leaf=1, min_samples_split=6,
            min_weight_fraction_leaf=0.0, presort=False, random_state=None,
            splitter='best')>
<bound method KNeighborsClassifier.get_params of KNeighborsClassifier(algorithm='auto', leaf_size=30, metric='minkowski',
           metric_params=None, n_jobs=1, n_neighbors=7, p=2,
           weights='uniform')>
<bound method LogisticRegression.get_params of LogisticRegression(C=1, class_weight=None, dual=False, fit_intercept=True,
          intercept_scaling=1, max_iter=100000, multi_class='ovr',
          n_jobs=1, penalty='l2', random_state=None, solver='liblinear',
          tol=0.0001, verbose=0, warm_start=False)>
<bound method MultinomialNB.get_params of MultinomialNB(alpha=0.001, class_prior=None, fit_prior=True)>
<bound method BernoulliNB.get_params of BernoulliNB(alpha=0.001, binarize=0.0, class_prior=None, fit_prior=False)>
<bound method AdaBoostClassifier.get_params of AdaBoostClassifier(algorithm='SAMME', base_estimator=None, learning_rate=1.5,
          n_estimators=250, random_state=None)>
<bound method RandomForestClassifier.get_params of RandomForestClassifier(bootstrap=True, class_weight=None, criterion='entropy',
            max_depth=None, max_features='auto', max_leaf_nodes=None,
            min_impurity_decrease=0.0, min_impurity_split=None,
            min_samples_leaf=1, min_samples_split=4,
            min_weight_fraction_leaf=0.0, n_estimators=250, n_jobs=1,
            oob_score=False, random_state=None, verbose=0,
            warm_start=False)>
