3399.262583 minutes
Enron-small_600_GridSearch:
Emails: 5172
Words: 600
Ham: 3672
Spam: 1500

Average accurasy:
MLPClassifier            94.88
LinearSVC                94.35
KNeighborsClassifier     86.81
LogisticRegression       93.76
MultinomialNB            91.04
RandomForestClassifier   96.43

Standard deviation:
MLPClassifier            0.56
LinearSVC                0.58
KNeighborsClassifier     1.14
LogisticRegression       0.62
MultinomialNB            0.81
RandomForestClassifier   0.41

Accurasies:
MLPClassifier            [95.204949729311679, 95.127610208816705, 94.431554524361943, 95.359628770301612, 93.735498839907194, 94.508894044856916, 95.591647331786547, 94.508894044856916, 94.27687548337201, 95.823665893271453, 94.27687548337201, 94.663573085846863, 94.740912606341837, 95.436968290796599, 94.044856921887089, 94.818252126836811, 94.895591647331784, 96.133023975251348, 94.508894044856916, 95.050270688321731, 94.27687548337201, 94.972931167826758, 94.508894044856916, 94.199535962877036, 94.740912606341837, 95.204949729311679, 96.133023975251348, 94.199535962877036, 94.818252126836811, 95.746326372776494, 94.431554524361943, 95.282289249806652, 95.127610208816705, 94.972931167826758, 93.658159319412221, 94.895591647331784, 95.282289249806652, 94.122196442382062, 96.365042536736269, 94.354215003866983, 94.663573085846863, 94.431554524361943, 95.050270688321731, 95.282289249806652, 94.431554524361943, 95.514307811291559, 94.663573085846863, 95.436968290796599, 94.663573085846863, 95.591647331786547, 94.58623356535189, 94.740912606341837, 95.050270688321731, 94.663573085846863, 94.972931167826758, 94.663573085846863, 95.127610208816705, 95.282289249806652, 94.27687548337201, 95.204949729311679, 94.663573085846863, 94.27687548337201, 94.431554524361943, 95.282289249806652, 93.735498839907194, 94.895591647331784, 95.050270688321731, 95.359628770301612, 95.823665893271453, 95.204949729311679, 95.050270688321731, 94.508894044856916, 94.508894044856916, 94.27687548337201, 96.055684454756388, 95.127610208816705, 93.967517401392115, 95.591647331786547, 94.508894044856916, 94.354215003866983, 95.050270688321731, 95.050270688321731, 95.204949729311679, 94.663573085846863, 94.508894044856916, 95.514307811291559, 94.740912606341837, 96.133023975251348, 94.27687548337201, 94.895591647331784, 94.818252126836811, 95.282289249806652, 95.436968290796599, 94.431554524361943, 94.663573085846863, 95.204949729311679, 94.122196442382062, 95.591647331786547, 95.127610208816705, 94.354215003866983]
LinearSVC                [94.199535962877036, 94.508894044856916, 94.58623356535189, 93.812838360402168, 93.194122196442379, 94.354215003866983, 95.050270688321731, 94.818252126836811, 93.658159319412221, 95.127610208816705, 94.818252126836811, 94.663573085846863, 94.27687548337201, 93.658159319412221, 94.508894044856916, 94.122196442382062, 94.122196442382062, 95.514307811291559, 93.735498839907194, 94.58623356535189, 93.580819798917247, 95.050270688321731, 94.199535962877036, 95.204949729311679, 94.431554524361943, 95.050270688321731, 94.818252126836811, 93.4261407579273, 93.890177880897141, 95.127610208816705, 93.812838360402168, 94.354215003866983, 93.116782675947405, 94.663573085846863, 93.194122196442379, 94.508894044856916, 94.895591647331784, 93.348801237432326, 94.663573085846863, 93.735498839907194, 94.354215003866983, 95.127610208816705, 94.508894044856916, 94.044856921887089, 93.967517401392115, 94.354215003866983, 93.735498839907194, 94.740912606341837, 94.122196442382062, 95.050270688321731, 93.890177880897141, 94.122196442382062, 93.658159319412221, 93.4261407579273, 94.122196442382062, 94.354215003866983, 94.044856921887089, 93.967517401392115, 94.27687548337201, 95.050270688321731, 93.735498839907194, 94.199535962877036, 93.812838360402168, 94.895591647331784, 93.890177880897141, 94.122196442382062, 94.354215003866983, 94.663573085846863, 95.514307811291559, 94.972931167826758, 93.812838360402168, 93.4261407579273, 94.199535962877036, 94.818252126836811, 96.055684454756388, 94.122196442382062, 94.431554524361943, 94.663573085846863, 95.050270688321731, 93.194122196442379, 94.431554524361943, 94.431554524361943, 94.508894044856916, 94.740912606341837, 94.431554524361943, 95.127610208816705, 94.58623356535189, 95.050270688321731, 93.194122196442379, 94.508894044856916, 93.967517401392115, 95.282289249806652, 94.354215003866983, 94.122196442382062, 94.58623356535189, 95.127610208816705, 93.890177880897141, 94.740912606341837, 94.58623356535189, 94.27687548337201]
KNeighborsClassifier     [88.399071925754058, 87.703016241299309, 85.382830626450115, 86.233565351894811, 87.703016241299309, 86.620262954369693, 86.697602474864652, 86.001546790409904, 87.316318638824441, 87.08430007733952, 87.935034802784216, 87.006960556844547, 86.77494199535964, 87.393658159319415, 87.548337200309362, 86.465583913379746, 86.8522815158546, 85.846867749419957, 86.465583913379746, 88.476411446249031, 84.377416860015458, 86.233565351894811, 88.012374323279204, 86.542923433874705, 86.078886310904863, 87.857695282289257, 87.006960556844547, 85.228151585460168, 85.460170146945089, 88.476411446249031, 86.156225831399851, 87.393658159319415, 85.92420726991493, 87.006960556844547, 87.006960556844547, 87.316318638824441, 86.542923433874705, 86.310904872389798, 88.167053364269137, 84.068058778035578, 84.918793503480288, 87.703016241299309, 88.940448569218873, 86.77494199535964, 86.77494199535964, 88.785769528228926, 85.382830626450115, 86.465583913379746, 87.470997679814388, 88.012374323279204, 86.542923433874705, 88.399071925754058, 87.780355761794283, 85.382830626450115, 86.77494199535964, 85.69218870843001, 86.233565351894811, 85.382830626450115, 84.222737819025511, 87.935034802784216, 85.69218870843001, 88.089713843774163, 87.935034802784216, 86.929621036349573, 88.012374323279204, 86.001546790409904, 83.913379737045631, 88.476411446249031, 88.631090487238978, 85.382830626450115, 85.846867749419957, 86.620262954369693, 86.8522815158546, 85.460170146945089, 89.559164733178648, 85.92420726991493, 86.697602474864652, 87.780355761794283, 87.470997679814388, 85.769528228924983, 87.393658159319415, 85.460170146945089, 88.089713843774163, 87.161639597834494, 87.393658159319415, 86.697602474864652, 86.465583913379746, 85.92420726991493, 85.769528228924983, 87.006960556844547, 87.316318638824441, 85.382830626450115, 87.780355761794283, 85.92420726991493, 87.703016241299309, 88.476411446249031, 85.846867749419957, 88.399071925754058, 87.548337200309362, 86.001546790409904]
LogisticRegression       [93.4261407579273, 93.658159319412221, 93.039443155452446, 92.962103634957458, 92.807424593967511, 94.122196442382062, 94.199535962877036, 93.580819798917247, 93.735498839907194, 94.740912606341837, 93.348801237432326, 93.890177880897141, 92.730085073472551, 93.658159319412221, 93.4261407579273, 94.122196442382062, 93.890177880897141, 94.972931167826758, 93.890177880897141, 93.735498839907194, 93.039443155452446, 94.044856921887089, 93.039443155452446, 94.044856921887089, 93.658159319412221, 94.122196442382062, 93.890177880897141, 92.188708430007736, 93.116782675947405, 94.431554524361943, 92.652745552977564, 94.044856921887089, 92.807424593967511, 94.58623356535189, 93.580819798917247, 93.890177880897141, 93.735498839907194, 93.4261407579273, 94.895591647331784, 93.039443155452446, 93.194122196442379, 93.348801237432326, 93.890177880897141, 94.58623356535189, 94.508894044856916, 94.818252126836811, 92.807424593967511, 93.735498839907194, 93.348801237432326, 94.044856921887089, 93.658159319412221, 93.503480278422273, 94.58623356535189, 93.271461716937353, 93.503480278422273, 94.122196442382062, 93.271461716937353, 93.735498839907194, 93.194122196442379, 94.58623356535189, 93.967517401392115, 93.967517401392115, 92.730085073472551, 94.354215003866983, 93.658159319412221, 94.431554524361943, 93.735498839907194, 94.27687548337201, 94.740912606341837, 94.58623356535189, 93.503480278422273, 92.884764114462499, 93.658159319412221, 93.271461716937353, 95.282289249806652, 93.658159319412221, 93.658159319412221, 94.663573085846863, 93.812838360402168, 93.116782675947405, 94.199535962877036, 93.658159319412221, 94.431554524361943, 94.354215003866983, 93.039443155452446, 94.122196442382062, 93.735498839907194, 94.199535962877036, 92.343387470997683, 94.354215003866983, 94.122196442382062, 93.039443155452446, 94.199535962877036, 93.271461716937353, 94.044856921887089, 93.812838360402168, 93.812838360402168, 94.431554524361943, 94.27687548337201, 92.730085073472551]
MultinomialNB            [91.415313225058, 91.724671307037895, 90.641918020108278, 90.25522041763341, 91.105955143078106, 90.564578499613305, 93.194122196442379, 89.095127610208806, 91.028615622583146, 91.415313225058, 89.636504253673635, 91.647331786542921, 89.791183294663568, 91.260634184068053, 91.492652745552988, 91.183294663573093, 90.951276102088158, 91.879350348027842, 90.409899458623357, 90.951276102088158, 91.105955143078106, 91.105955143078106, 91.492652745552988, 90.409899458623357, 91.492652745552988, 91.028615622583146, 91.802010827532868, 89.481825212683688, 89.4044856921887, 92.111368909512763, 91.183294663573093, 92.26604795050271, 90.023201856148489, 90.796597061098211, 90.951276102088158, 92.034029389017789, 91.879350348027842, 90.487238979118331, 90.409899458623357, 90.796597061098211, 89.713843774168595, 90.719257540603252, 92.188708430007736, 91.183294663573093, 89.327146171693741, 92.26604795050271, 91.105955143078106, 91.105955143078106, 91.337973704563041, 92.188708430007736, 89.481825212683688, 91.105955143078106, 91.492652745552988, 91.956689868522815, 91.492652745552988, 90.177880897138436, 91.337973704563041, 90.177880897138436, 90.719257540603252, 91.260634184068053, 90.25522041763341, 91.260634184068053, 91.028615622583146, 91.183294663573093, 91.724671307037895, 90.719257540603252, 90.951276102088158, 91.879350348027842, 92.420726991492657, 90.719257540603252, 91.337973704563041, 90.177880897138436, 91.183294663573093, 90.25522041763341, 92.188708430007736, 90.951276102088158, 90.487238979118331, 93.580819798917247, 91.647331786542921, 89.327146171693741, 91.569992266047947, 89.868522815158542, 91.183294663573093, 91.183294663573093, 91.415313225058, 90.332559938128384, 91.183294663573093, 91.260634184068053, 91.647331786542921, 90.564578499613305, 91.647331786542921, 90.409899458623357, 90.25522041763341, 90.564578499613305, 90.641918020108278, 91.956689868522815, 91.028615622583146, 91.647331786542921, 91.105955143078106, 90.564578499613305]
RandomForestClassifier   [96.210363495746336, 96.519721577726216, 96.055684454756388, 96.055684454756388, 96.287703016241295, 96.597061098221189, 96.906419180201084, 95.901005413766441, 95.823665893271453, 96.751740139211137, 96.287703016241295, 96.519721577726216, 96.597061098221189, 96.674400618716163, 96.055684454756388, 97.138437741686005, 95.282289249806652, 97.061098221191031, 96.442382057231242, 97.370456303170911, 97.061098221191031, 95.823665893271453, 96.287703016241295, 96.983758700696058, 96.597061098221189, 96.82907965970611, 96.442382057231242, 95.436968290796599, 95.978344934261401, 96.906419180201084, 96.287703016241295, 97.138437741686005, 96.055684454756388, 95.978344934261401, 96.210363495746336, 96.210363495746336, 96.287703016241295, 96.055684454756388, 97.061098221191031, 96.055684454756388, 96.597061098221189, 96.519721577726216, 96.287703016241295, 96.674400618716163, 96.133023975251348, 96.674400618716163, 96.055684454756388, 96.751740139211137, 96.133023975251348, 97.370456303170911, 96.751740139211137, 96.210363495746336, 96.365042536736269, 96.210363495746336, 96.597061098221189, 96.210363495746336, 96.597061098221189, 95.823665893271453, 96.365042536736269, 96.751740139211137, 96.133023975251348, 96.287703016241295, 96.287703016241295, 96.906419180201084, 95.901005413766441, 96.287703016241295, 96.983758700696058, 96.906419180201084, 95.823665893271453, 96.751740139211137, 96.365042536736269, 96.287703016241295, 96.133023975251348, 96.365042536736269, 97.370456303170911, 96.674400618716163, 95.823665893271453, 96.82907965970611, 96.210363495746336, 96.133023975251348, 96.210363495746336, 96.82907965970611, 96.365042536736269, 96.983758700696058, 96.82907965970611, 96.365042536736269, 96.055684454756388, 96.287703016241295, 96.133023975251348, 96.365042536736269, 96.983758700696058, 96.519721577726216, 96.133023975251348, 96.983758700696058, 96.365042536736269, 96.133023975251348, 96.674400618716163, 96.519721577726216, 96.133023975251348, 95.901005413766441]

Standings:
MLPClassifier            [2, 2, 3, 2, 2, 2, 2, 3, 2, 2, 3, 2, 2, 2, 3, 2, 2, 2, 2, 2, 2, 3, 2, 3, 2, 2, 2, 2, 2, 2, 2, 2, 2, 2, 2, 2, 2, 2, 2, 2, 2, 3, 2, 2, 3, 2, 2, 2, 2, 2, 2, 2, 2, 2, 2, 2, 2, 2, 2, 2, 2, 2, 2, 2, 3, 2, 2, 2, 1, 2, 2, 2, 2, 3, 2, 2, 3, 2, 3, 2, 2, 2, 2, 3, 2, 2, 2, 2, 2, 2, 2, 2, 2, 2, 2, 2, 2, 2, 2, 2]
LinearSVC                [3, 3, 2, 3, 3, 3, 3, 2, 4, 3, 2, 2, 3, 3, 2, 3, 3, 3, 4, 3, 3, 2, 3, 2, 3, 3, 3, 3, 3, 3, 3, 3, 3, 3, 4, 3, 3, 4, 4, 3, 3, 2, 3, 4, 4, 4, 3, 3, 3, 3, 3, 3, 4, 3, 3, 3, 3, 3, 2, 3, 4, 3, 3, 3, 2, 4, 3, 3, 3, 3, 3, 3, 3, 2, 2, 3, 2, 3, 2, 3, 3, 3, 3, 2, 3, 3, 3, 3, 3, 3, 4, 2, 3, 3, 3, 3, 3, 3, 3, 3]
KNeighborsClassifier     [6, 6, 6, 6, 6, 6, 6, 6, 6, 6, 6, 6, 6, 6, 6, 6, 6, 6, 6, 6, 6, 6, 6, 6, 6, 6, 6, 6, 6, 6, 6, 6, 6, 6, 6, 6, 6, 6, 6, 6, 6, 6, 6, 6, 6, 6, 6, 6, 6, 6, 6, 6, 6, 6, 6, 6, 6, 6, 6, 6, 6, 6, 6, 6, 6, 6, 6, 6, 6, 6, 6, 6, 6, 6, 6, 6, 6, 6, 6, 6, 6, 6, 6, 6, 6, 6, 6, 6, 6, 6, 6, 6, 6, 6, 6, 6, 6, 6, 6, 6]
LogisticRegression       [4, 4, 4, 4, 4, 4, 4, 4, 3, 4, 4, 4, 4, 3, 4, 3, 4, 4, 3, 4, 4, 4, 4, 4, 4, 4, 4, 4, 4, 4, 4, 4, 4, 4, 3, 4, 4, 3, 3, 4, 4, 4, 4, 3, 2, 3, 4, 4, 4, 4, 4, 4, 3, 4, 4, 4, 4, 4, 4, 4, 3, 4, 4, 4, 4, 3, 4, 4, 4, 4, 4, 4, 4, 4, 4, 4, 4, 3, 4, 4, 4, 4, 4, 4, 4, 4, 4, 4, 4, 4, 3, 4, 4, 4, 4, 4, 4, 4, 4, 4]
MultinomialNB            [5, 5, 5, 5, 5, 5, 5, 5, 5, 5, 5, 5, 5, 5, 5, 5, 5, 5, 5, 5, 5, 5, 5, 5, 5, 5, 5, 5, 5, 5, 5, 5, 5, 5, 5, 5, 5, 5, 5, 5, 5, 5, 5, 5, 5, 5, 5, 5, 5, 5, 5, 5, 5, 5, 5, 5, 5, 5, 5, 5, 5, 5, 5, 5, 5, 5, 5, 5, 5, 5, 5, 5, 5, 5, 5, 5, 5, 5, 5, 5, 5, 5, 5, 5, 5, 5, 5, 5, 5, 5, 5, 5, 5, 5, 5, 5, 5, 5, 5, 5]
RandomForestClassifier   [1, 1, 1, 1, 1, 1, 1, 1, 1, 1, 1, 1, 1, 1, 1, 1, 1, 1, 1, 1, 1, 1, 1, 1, 1, 1, 1, 1, 1, 1, 1, 1, 1, 1, 1, 1, 1, 1, 1, 1, 1, 1, 1, 1, 1, 1, 1, 1, 1, 1, 1, 1, 1, 1, 1, 1, 1, 1, 1, 1, 1, 1, 1, 1, 1, 1, 1, 1, 1, 1, 1, 1, 1, 1, 1, 1, 1, 1, 1, 1, 1, 1, 1, 1, 1, 1, 1, 1, 1, 1, 1, 1, 1, 1, 1, 1, 1, 1, 1, 1]

Parameters:
MLPClassifier:
<bound method MLPClassifier.get_params of MLPClassifier(activation='relu', alpha=0.0001, batch_size='auto', beta_1=0.9,
       beta_2=0.999, early_stopping=False, epsilon=1e-08,
       hidden_layer_sizes=(500, 500, 500), learning_rate='constant',
       learning_rate_init=1e-05, max_iter=200, momentum=0.9,
       nesterovs_momentum=True, power_t=0.5, random_state=None,
       shuffle=True, solver='adam', tol=0.0001, validation_fraction=0.1,
       verbose=False, warm_start=False)>
LinearSVC:
<bound method LinearSVC.get_params of LinearSVC(C=5.0, class_weight=None, dual=False, fit_intercept=True,
     intercept_scaling=1, loss='squared_hinge', max_iter=2000,
     multi_class='ovr', penalty='l1', random_state=None, tol=0.0001,
     verbose=0)>
KNeighborsClassifier:
<bound method KNeighborsClassifier.get_params of KNeighborsClassifier(algorithm='brute', leaf_size=30, metric='minkowski',
           metric_params=None, n_jobs=1, n_neighbors=7, p=2,
           weights='distance')>
LogisticRegression:
<bound method LogisticRegression.get_params of LogisticRegression(C=3.0, class_weight=None, dual=False, fit_intercept=True,
          intercept_scaling=1, max_iter=100, multi_class='ovr', n_jobs=1,
          penalty='l1', random_state=None, solver='saga', tol=0.0001,
          verbose=0, warm_start=False)>
MultinomialNB:
<bound method MultinomialNB.get_params of MultinomialNB(alpha=0.0, class_prior=None, fit_prior=False)>
RandomForestClassifier:
<bound method RandomForestClassifier.get_params of RandomForestClassifier(bootstrap=True, class_weight=None, criterion='entropy',
            max_depth=None, max_features='log2', max_leaf_nodes=None,
            min_impurity_decrease=0.0, min_impurity_split=None,
            min_samples_leaf=1, min_samples_split=2,
            min_weight_fraction_leaf=0.0, n_estimators=100, n_jobs=1,
            oob_score=False, random_state=None, verbose=0,
            warm_start=False)>
