1482.851483 minutes
Ling-Spam_600_GridSearch:
Emails: 2893
Words: 600
Ham: 2412
Spam: 481

Average accurasy:
MLPClassifier            98.38
LinearSVC                97.70
KNeighborsClassifier     92.24
LogisticRegression       97.31
MultinomialNB            95.58
RandomForestClassifier   98.10

Standard deviation:
MLPClassifier            0.42
LinearSVC                0.48
KNeighborsClassifier     1.04
LogisticRegression       0.52
MultinomialNB            0.58
RandomForestClassifier   0.49

Accurasies:
MLPClassifier            [98.204419889502759, 98.340248962655593, 98.478561549100974, 98.755186721991706, 98.756906077348063, 98.340248962655593, 98.478561549100974, 98.755186721991706, 98.204419889502759, 99.031811894882438, 98.201936376210227, 97.925311203319495, 97.790055248618785, 98.201936376210227, 98.478561549100974, 98.478561549100974, 97.790055248618785, 99.031811894882438, 98.478561549100974, 98.478561549100974, 98.480662983425418, 98.340248962655593, 97.925311203319495, 98.61687413554634, 97.928176795580114, 98.61687413554634, 98.478561549100974, 98.063623789764861, 99.033149171270722, 98.340248962655593, 98.61687413554634, 98.478561549100974, 98.618784530386733, 97.925311203319495, 98.755186721991706, 97.510373443983397, 98.342541436464089, 97.786998616874129, 98.61687413554634, 98.61687413554634, 98.480662983425418, 99.170124481327804, 97.925311203319495, 98.893499308437072, 98.204419889502759, 97.648686030428763, 98.201936376210227, 98.478561549100974, 99.033149171270722, 98.893499308437072, 98.063623789764861, 97.648686030428763, 98.342541436464089, 99.170124481327804, 98.478561549100974, 97.233748271092665, 98.480662983425418, 98.893499308437072, 98.893499308437072, 98.063623789764861, 98.06629834254143, 97.925311203319495, 99.170124481327804, 97.510373443983397, 98.342541436464089, 98.063623789764861, 98.478561549100974, 98.340248962655593, 98.204419889502759, 98.893499308437072, 98.893499308437072, 98.201936376210227, 98.756906077348063, 98.61687413554634, 98.340248962655593, 98.063623789764861, 98.342541436464089, 99.031811894882438, 98.340248962655593, 98.063623789764861, 97.51381215469614, 98.61687413554634, 98.478561549100974, 98.340248962655593, 98.342541436464089, 98.478561549100974, 99.170124481327804, 97.510373443983397, 97.790055248618785, 98.755186721991706, 98.478561549100974, 98.478561549100974, 99.033149171270722, 97.786998616874129, 98.063623789764861, 98.61687413554634, 98.756906077348063, 98.61687413554634, 97.925311203319495, 98.340248962655593]
LinearSVC                [97.51381215469614, 97.510373443983397, 98.063623789764861, 97.786998616874129, 97.237569060773481, 98.201936376210227, 97.648686030428763, 98.201936376210227, 97.099447513812152, 98.201936376210227, 97.925311203319495, 98.063623789764861, 98.342541436464089, 98.340248962655593, 96.818810511756567, 97.095435684647299, 97.928176795580114, 98.201936376210227, 97.372060857538031, 97.510373443983397, 96.823204419889507, 97.648686030428763, 97.372060857538031, 98.478561549100974, 98.06629834254143, 98.201936376210227, 97.510373443983397, 96.680497925311201, 97.928176795580114, 97.786998616874129, 97.095435684647299, 97.925311203319495, 98.342541436464089, 97.648686030428763, 98.478561549100974, 96.542185338865835, 97.651933701657455, 98.063623789764861, 97.372060857538031, 97.648686030428763, 98.06629834254143, 98.201936376210227, 96.680497925311201, 97.510373443983397, 97.51381215469614, 97.925311203319495, 97.925311203319495, 98.478561549100974, 98.06629834254143, 97.925311203319495, 96.957123098201933, 97.510373443983397, 97.375690607734811, 97.925311203319495, 97.510373443983397, 97.925311203319495, 97.790055248618785, 98.478561549100974, 97.372060857538031, 97.233748271092665, 96.961325966850836, 97.510373443983397, 98.063623789764861, 97.372060857538031, 97.51381215469614, 97.925311203319495, 97.786998616874129, 97.372060857538031, 96.961325966850836, 97.925311203319495, 98.340248962655593, 98.340248962655593, 97.790055248618785, 96.957123098201933, 98.063623789764861, 98.063623789764861, 97.651933701657455, 97.786998616874129, 98.063623789764861, 97.648686030428763, 97.51381215469614, 97.648686030428763, 98.201936376210227, 97.925311203319495, 98.06629834254143, 97.372060857538031, 97.372060857538031, 97.510373443983397, 97.099447513812152, 98.340248962655593, 98.063623789764861, 97.095435684647299, 98.480662983425418, 96.680497925311201, 96.957123098201933, 98.201936376210227, 97.928176795580114, 97.233748271092665, 97.372060857538031, 97.925311203319495]
KNeighborsClassifier     [90.745856353591165, 93.08437067773167, 90.594744121715081, 94.882434301521428, 90.88397790055248, 90.733056708160447, 91.562932226832643, 93.360995850622402, 92.817679558011051, 93.499308437067768, 93.360995850622402, 90.041493775933617, 93.093922651933696, 92.669432918395572, 91.147994467496545, 91.424619640387277, 91.436464088397798, 91.424619640387277, 93.7759336099585, 90.318118948824349, 92.403314917127076, 90.179806362378983, 92.807745504840938, 93.637621023513134, 90.607734806629836, 93.360995850622402, 92.254495159059474, 92.807745504840938, 92.541436464088406, 91.147994467496545, 92.39280774550484, 90.456431535269715, 91.988950276243102, 92.254495159059474, 91.286307053941911, 89.903181189488251, 93.370165745856355, 92.807745504840938, 92.116182572614107, 90.871369294605813, 92.403314917127076, 92.669432918395572, 91.839557399723375, 91.701244813278009, 92.265193370165747, 93.499308437067768, 91.701244813278009, 92.531120331950206, 92.95580110497238, 94.744121715076062, 91.701244813278009, 90.733056708160447, 91.988950276243102, 93.08437067773167, 91.147994467496545, 93.222683264177036, 93.093922651933696, 93.08437067773167, 92.531120331950206, 91.562932226832643, 91.712707182320443, 92.669432918395572, 93.499308437067768, 91.701244813278009, 92.541436464088406, 93.499308437067768, 90.871369294605813, 92.531120331950206, 90.745856353591165, 92.254495159059474, 93.360995850622402, 92.807745504840938, 93.093922651933696, 92.254495159059474, 93.499308437067768, 92.669432918395572, 91.436464088397798, 92.946058091286304, 91.147994467496545, 93.222683264177036, 92.403314917127076, 93.637621023513134, 91.839557399723375, 93.637621023513134, 92.541436464088406, 92.531120331950206, 91.147994467496545, 93.360995850622402, 91.02209944751381, 92.946058091286304, 91.839557399723375, 91.839557399723375, 92.403314917127076, 91.147994467496545, 91.701244813278009, 92.254495159059474, 91.436464088397798, 93.222683264177036, 92.946058091286304, 93.637621023513134]
LogisticRegression       [97.099447513812152, 97.233748271092665, 97.648686030428763, 96.818810511756567, 96.132596685082873, 97.233748271092665, 97.510373443983397, 97.648686030428763, 96.546961325966848, 98.201936376210227, 97.648686030428763, 97.233748271092665, 97.375690607734811, 98.201936376210227, 96.542185338865835, 96.403872752420469, 97.51381215469614, 97.786998616874129, 96.818810511756567, 97.648686030428763, 96.408839779005532, 97.510373443983397, 97.095435684647299, 97.925311203319495, 97.375690607734811, 96.818810511756567, 97.233748271092665, 97.372060857538031, 97.375690607734811, 96.818810511756567, 98.063623789764861, 97.372060857538031, 97.375690607734811, 97.233748271092665, 97.786998616874129, 96.403872752420469, 97.375690607734811, 97.925311203319495, 97.372060857538031, 97.372060857538031, 97.375690607734811, 98.340248962655593, 96.680497925311201, 97.233748271092665, 97.375690607734811, 97.372060857538031, 96.818810511756567, 98.340248962655593, 97.651933701657455, 97.648686030428763, 97.095435684647299, 97.233748271092665, 97.237569060773481, 97.233748271092665, 96.680497925311201, 97.648686030428763, 97.651933701657455, 97.095435684647299, 97.925311203319495, 96.680497925311201, 96.823204419889507, 97.925311203319495, 97.648686030428763, 96.403872752420469, 97.099447513812152, 97.786998616874129, 97.510373443983397, 97.095435684647299, 96.408839779005532, 97.925311203319495, 98.340248962655593, 96.818810511756567, 97.237569060773481, 96.818810511756567, 98.063623789764861, 97.372060857538031, 97.099447513812152, 98.063623789764861, 97.510373443983397, 96.403872752420469, 97.790055248618785, 97.095435684647299, 98.063623789764861, 97.372060857538031, 97.237569060773481, 96.957123098201933, 96.680497925311201, 97.095435684647299, 96.823204419889507, 98.063623789764861, 97.510373443983397, 96.680497925311201, 98.480662983425418, 96.818810511756567, 96.680497925311201, 98.201936376210227, 97.237569060773481, 97.233748271092665, 96.818810511756567, 97.233748271092665]
MultinomialNB            [95.44198895027624, 95.850622406639005, 95.712309820193639, 95.297372060857526, 95.44198895027624, 95.435684647302907, 95.988934993084371, 95.988934993084371, 95.58011049723757, 96.265560165975103, 95.573997233748273, 95.15905947441216, 96.132596685082873, 94.882434301521428, 96.403872752420469, 95.850622406639005, 95.58011049723757, 95.435684647302907, 95.988934993084371, 95.15905947441216, 96.685082872928177, 95.020746887966794, 95.573997233748273, 94.052558782849232, 96.132596685082873, 95.712309820193639, 96.127247579529737, 95.15905947441216, 96.270718232044189, 95.297372060857526, 96.265560165975103, 94.744121715076062, 95.994475138121544, 96.542185338865835, 95.020746887966794, 94.882434301521428, 96.270718232044189, 94.052558782849232, 95.712309820193639, 96.127247579529737, 95.994475138121544, 95.297372060857526, 95.020746887966794, 95.712309820193639, 96.408839779005532, 95.020746887966794, 95.850622406639005, 95.850622406639005, 96.685082872928177, 94.190871369294598, 95.988934993084371, 95.712309820193639, 95.58011049723757, 95.15905947441216, 96.127247579529737, 95.435684647302907, 96.408839779005532, 95.435684647302907, 94.329183955739964, 95.988934993084371, 95.027624309392266, 96.127247579529737, 95.435684647302907, 95.850622406639005, 96.408839779005532, 95.573997233748273, 95.850622406639005, 94.46749654218533, 95.303867403314911, 95.712309820193639, 95.020746887966794, 96.265560165975103, 96.132596685082873, 95.712309820193639, 95.435684647302907, 94.882434301521428, 95.44198895027624, 95.15905947441216, 95.712309820193639, 95.15905947441216, 96.132596685082873, 95.712309820193639, 94.882434301521428, 95.573997233748273, 96.408839779005532, 95.435684647302907, 95.020746887966794, 95.850622406639005, 94.198895027624303, 96.403872752420469, 95.573997233748273, 95.15905947441216, 95.994475138121544, 95.15905947441216, 94.882434301521428, 95.573997233748273, 95.165745856353595, 96.127247579529737, 95.712309820193639, 95.712309820193639]
RandomForestClassifier   [97.790055248618785, 98.478561549100974, 98.340248962655593, 98.063623789764861, 98.204419889502759, 97.372060857538031, 97.510373443983397, 99.031811894882438, 97.928176795580114, 98.478561549100974, 97.786998616874129, 98.201936376210227, 97.51381215469614, 98.61687413554634, 98.755186721991706, 97.786998616874129, 98.204419889502759, 99.031811894882438, 97.925311203319495, 97.372060857538031, 98.480662983425418, 97.233748271092665, 97.510373443983397, 98.478561549100974, 97.928176795580114, 98.201936376210227, 98.201936376210227, 97.925311203319495, 98.342541436464089, 98.063623789764861, 98.340248962655593, 97.648686030428763, 98.342541436464089, 97.786998616874129, 98.755186721991706, 96.957123098201933, 97.928176795580114, 98.478561549100974, 98.340248962655593, 97.648686030428763, 98.06629834254143, 98.478561549100974, 97.233748271092665, 98.61687413554634, 98.342541436464089, 98.063623789764861, 97.233748271092665, 98.478561549100974, 98.204419889502759, 98.755186721991706, 97.925311203319495, 98.063623789764861, 97.928176795580114, 98.340248962655593, 98.201936376210227, 98.755186721991706, 98.480662983425418, 97.925311203319495, 98.201936376210227, 97.372060857538031, 98.756906077348063, 98.063623789764861, 98.893499308437072, 96.542185338865835, 97.928176795580114, 98.61687413554634, 97.925311203319495, 98.201936376210227, 98.480662983425418, 98.201936376210227, 98.755186721991706, 97.648686030428763, 98.756906077348063, 97.925311203319495, 98.201936376210227, 98.201936376210227, 97.651933701657455, 98.201936376210227, 97.372060857538031, 98.340248962655593, 97.51381215469614, 98.478561549100974, 97.648686030428763, 97.925311203319495, 98.618784530386733, 98.340248962655593, 98.340248962655593, 97.925311203319495, 97.928176795580114, 98.478561549100974, 98.893499308437072, 97.648686030428763, 98.480662983425418, 98.063623789764861, 96.680497925311201, 98.61687413554634, 98.204419889502759, 98.063623789764861, 98.340248962655593, 97.510373443983397]

Standings:
MLPClassifier            [1, 2, 1, 1, 1, 1, 1, 2, 1, 1, 1, 3, 2, 3, 2, 1, 3, 1, 1, 1, 1, 1, 1, 1, 2, 1, 1, 1, 1, 1, 1, 1, 1, 1, 1, 1, 1, 4, 1, 1, 1, 1, 1, 1, 2, 3, 1, 1, 1, 1, 1, 2, 1, 1, 1, 4, 1, 1, 1, 1, 2, 2, 1, 1, 1, 2, 1, 1, 2, 1, 1, 2, 1, 1, 1, 2, 1, 1, 1, 2, 2, 1, 1, 1, 2, 1, 1, 2, 2, 1, 2, 1, 1, 2, 1, 1, 1, 1, 2, 1]
LinearSVC                [3, 3, 3, 3, 3, 2, 2, 3, 3, 3, 2, 2, 1, 2, 3, 3, 2, 3, 3, 3, 3, 2, 3, 2, 1, 2, 3, 4, 3, 3, 4, 2, 2, 3, 3, 3, 3, 2, 3, 2, 2, 4, 3, 3, 3, 2, 2, 1, 3, 3, 4, 3, 3, 3, 3, 2, 3, 2, 4, 3, 3, 4, 3, 2, 3, 3, 3, 3, 3, 3, 3, 1, 3, 3, 3, 2, 2, 4, 2, 3, 2, 3, 2, 2, 3, 3, 3, 2, 3, 3, 3, 3, 2, 4, 2, 3, 3, 3, 3, 2]
KNeighborsClassifier     [6, 6, 6, 6, 6, 6, 6, 6, 6, 6, 6, 6, 6, 6, 6, 6, 6, 6, 6, 6, 6, 6, 6, 6, 6, 6, 6, 6, 6, 6, 6, 6, 6, 6, 6, 6, 6, 6, 6, 6, 6, 6, 6, 6, 6, 6, 6, 6, 6, 5, 6, 6, 6, 6, 6, 6, 6, 6, 6, 6, 6, 6, 6, 6, 6, 6, 6, 6, 6, 6, 6, 6, 6, 6, 6, 6, 6, 6, 6, 6, 6, 6, 6, 6, 6, 6, 6, 6, 6, 6, 6, 6, 6, 6, 6, 6, 6, 6, 6, 6]
LogisticRegression       [4, 4, 4, 4, 4, 4, 3, 4, 4, 3, 4, 4, 4, 3, 4, 4, 4, 4, 4, 2, 5, 3, 4, 4, 4, 4, 4, 3, 4, 4, 3, 4, 4, 4, 4, 4, 4, 3, 3, 4, 4, 3, 3, 4, 4, 4, 4, 4, 4, 4, 3, 4, 4, 4, 4, 3, 4, 4, 3, 4, 4, 2, 4, 4, 4, 4, 4, 4, 4, 3, 3, 4, 4, 4, 3, 4, 4, 3, 3, 4, 1, 4, 3, 4, 4, 4, 4, 4, 4, 4, 4, 4, 2, 3, 3, 3, 4, 3, 4, 4]
MultinomialNB            [5, 5, 5, 5, 5, 5, 5, 5, 5, 5, 5, 5, 5, 5, 5, 5, 5, 5, 5, 5, 4, 5, 5, 5, 5, 5, 5, 5, 5, 5, 5, 5, 5, 5, 5, 5, 5, 5, 5, 5, 5, 5, 5, 5, 5, 5, 5, 5, 5, 6, 5, 5, 5, 5, 5, 5, 5, 5, 5, 5, 5, 5, 5, 5, 5, 5, 5, 5, 5, 5, 5, 5, 5, 5, 5, 5, 5, 5, 5, 5, 5, 5, 5, 5, 5, 5, 5, 5, 5, 5, 5, 5, 5, 5, 5, 5, 5, 5, 5, 5]
RandomForestClassifier   [2, 1, 2, 2, 2, 3, 3, 1, 2, 2, 3, 1, 3, 1, 1, 2, 1, 1, 2, 4, 1, 4, 2, 2, 2, 2, 2, 2, 2, 2, 2, 3, 2, 2, 1, 2, 2, 1, 2, 2, 2, 2, 2, 2, 1, 1, 3, 1, 2, 2, 2, 1, 2, 2, 2, 1, 1, 3, 2, 2, 1, 1, 2, 3, 2, 1, 2, 2, 1, 2, 2, 3, 1, 2, 2, 1, 2, 2, 4, 1, 2, 2, 4, 2, 1, 2, 2, 1, 1, 2, 1, 2, 2, 1, 3, 1, 2, 2, 1, 3]

Parameters:
MLPClassifier:
<bound method MLPClassifier.get_params of MLPClassifier(activation='relu', alpha=0.0001, batch_size='auto', beta_1=0.9,
       beta_2=0.999, early_stopping=False, epsilon=1e-08,
       hidden_layer_sizes=(1000, 1000, 1000), learning_rate='constant',
       learning_rate_init=0.001, max_iter=1000, momentum=0.9,
       nesterovs_momentum=True, power_t=0.5, random_state=None,
       shuffle=True, solver='adam', tol=0.0001, validation_fraction=0.1,
       verbose=False, warm_start=False)>
LinearSVC:
<bound method LinearSVC.get_params of LinearSVC(C=3.0, class_weight=None, dual=False, fit_intercept=True,
     intercept_scaling=1, loss='squared_hinge', max_iter=2000,
     multi_class='ovr', penalty='l2', random_state=None, tol=0.0001,
     verbose=0)>
KNeighborsClassifier:
<bound method KNeighborsClassifier.get_params of KNeighborsClassifier(algorithm='brute', leaf_size=30, metric='minkowski',
           metric_params=None, n_jobs=1, n_neighbors=3, p=2,
           weights='distance')>
LogisticRegression:
<bound method LogisticRegression.get_params of LogisticRegression(C=5.0, class_weight=None, dual=False, fit_intercept=True,
          intercept_scaling=1, max_iter=100, multi_class='ovr', n_jobs=1,
          penalty='l1', random_state=None, solver='liblinear', tol=0.0001,
          verbose=0, warm_start=False)>
MultinomialNB:
<bound method MultinomialNB.get_params of MultinomialNB(alpha=0.0, class_prior=None, fit_prior=False)>
RandomForestClassifier:
<bound method RandomForestClassifier.get_params of RandomForestClassifier(bootstrap=True, class_weight=None, criterion='entropy',
            max_depth=None, max_features='auto', max_leaf_nodes=None,
            min_impurity_decrease=0.0, min_impurity_split=None,
            min_samples_leaf=1, min_samples_split=2,
            min_weight_fraction_leaf=0.0, n_estimators=100, n_jobs=1,
            oob_score=True, random_state=None, verbose=0, warm_start=False)>
