47.483850 minutes
Enron-small_600:
Emails: 5172
Words: 600
Ham: 3672
Spam: 1500

Average accurasy:
MLPClassifier            94.10
LinearSVC                93.89
KNeighborsClassifier     84.09
LogisticRegression       91.14
MultinomialNB            82.54
RandomForestClassifier   94.83

Standard deviation:
MLPClassifier            0.63
LinearSVC                0.53
KNeighborsClassifier     1.05
LogisticRegression       1.45
MultinomialNB            0.87
RandomForestClassifier   0.56

Accurasies:
MLPClassifier            [94.199535962877036, 93.503480278422273, 93.116782675947405, 94.354215003866983, 94.27687548337201, 93.890177880897141, 94.818252126836811, 94.27687548337201, 94.508894044856916, 94.895591647331784, 93.271461716937353, 93.735498839907194, 93.580819798917247, 94.895591647331784, 93.812838360402168, 93.890177880897141, 93.735498839907194, 93.735498839907194, 93.116782675947405, 93.967517401392115, 94.044856921887089, 94.27687548337201, 95.127610208816705, 94.122196442382062, 93.580819798917247, 94.818252126836811, 91.956689868522815, 94.508894044856916, 94.58623356535189, 93.890177880897141, 95.050270688321731, 94.27687548337201, 95.127610208816705, 95.204949729311679, 95.204949729311679, 93.4261407579273, 93.890177880897141, 94.431554524361943, 94.044856921887089, 94.354215003866983, 94.27687548337201, 93.967517401392115, 95.901005413766441, 93.271461716937353, 94.044856921887089, 94.27687548337201, 94.044856921887089, 93.271461716937353, 93.4261407579273, 94.122196442382062, 93.967517401392115, 94.354215003866983, 93.4261407579273, 94.27687548337201, 95.050270688321731, 93.4261407579273, 95.359628770301612, 94.354215003866983, 94.740912606341837, 92.884764114462499, 94.199535962877036, 93.271461716937353, 93.271461716937353, 94.431554524361943, 94.354215003866983, 93.967517401392115, 94.431554524361943, 93.503480278422273, 94.354215003866983, 94.740912606341837, 93.658159319412221, 93.967517401392115, 94.122196442382062, 94.431554524361943, 93.4261407579273, 93.967517401392115, 95.282289249806652, 94.58623356535189, 92.420726991492657, 93.658159319412221, 94.354215003866983, 93.580819798917247, 93.658159319412221, 94.740912606341837, 94.122196442382062, 94.818252126836811, 94.508894044856916, 94.27687548337201, 94.431554524361943, 94.354215003866983, 94.122196442382062, 93.039443155452446, 94.431554524361943, 94.354215003866983, 93.812838360402168, 93.967517401392115, 94.122196442382062, 93.967517401392115, 93.580819798917247, 93.890177880897141]
LinearSVC                [93.967517401392115, 94.122196442382062, 94.27687548337201, 94.354215003866983, 94.199535962877036, 92.575406032482604, 94.508894044856916, 93.890177880897141, 94.199535962877036, 93.658159319412221, 93.348801237432326, 94.044856921887089, 92.962103634957458, 94.27687548337201, 93.503480278422273, 93.658159319412221, 94.044856921887089, 93.658159319412221, 94.122196442382062, 93.812838360402168, 93.967517401392115, 93.503480278422273, 94.58623356535189, 94.740912606341837, 93.967517401392115, 94.122196442382062, 93.116782675947405, 94.199535962877036, 93.194122196442379, 93.580819798917247, 94.431554524361943, 94.122196442382062, 94.27687548337201, 93.271461716937353, 94.895591647331784, 93.194122196442379, 93.812838360402168, 93.503480278422273, 94.044856921887089, 93.348801237432326, 94.431554524361943, 93.658159319412221, 94.27687548337201, 93.271461716937353, 94.27687548337201, 93.503480278422273, 94.122196442382062, 92.962103634957458, 92.962103634957458, 94.354215003866983, 93.658159319412221, 94.818252126836811, 93.116782675947405, 93.4261407579273, 94.354215003866983, 94.895591647331784, 94.044856921887089, 94.199535962877036, 94.818252126836811, 93.039443155452446, 94.354215003866983, 92.652745552977564, 94.27687548337201, 94.354215003866983, 94.354215003866983, 94.27687548337201, 94.740912606341837, 93.039443155452446, 94.354215003866983, 93.735498839907194, 93.658159319412221, 93.503480278422273, 94.199535962877036, 94.044856921887089, 93.735498839907194, 93.348801237432326, 94.740912606341837, 94.508894044856916, 93.812838360402168, 93.039443155452446, 93.4261407579273, 94.044856921887089, 93.812838360402168, 94.199535962877036, 93.812838360402168, 93.039443155452446, 93.967517401392115, 94.122196442382062, 95.050270688321731, 94.27687548337201, 93.658159319412221, 93.4261407579273, 93.890177880897141, 94.27687548337201, 93.580819798917247, 93.039443155452446, 93.735498839907194, 93.967517401392115, 93.967517401392115, 94.122196442382062]
KNeighborsClassifier     [85.614849187935036, 83.139984532095895, 83.913379737045631, 83.758700696055683, 84.76411446249034, 83.836040216550657, 84.918793503480288, 83.836040216550657, 84.8414539829853, 84.454756380510446, 83.062645011600935, 84.145398298530552, 82.830626450116, 82.366589327146173, 86.156225831399851, 84.609435421500393, 84.145398298530552, 83.526682134570763, 82.52126836813612, 84.145398298530552, 84.996133023975247, 84.76411446249034, 82.675947409126067, 84.996133023975247, 85.92420726991493, 85.382830626450115, 81.747873163186398, 83.990719257540604, 86.156225831399851, 84.686774941995353, 85.305491105955142, 82.52126836813612, 85.228151585460168, 84.686774941995353, 84.686774941995353, 82.675947409126067, 84.145398298530552, 83.758700696055683, 84.377416860015458, 83.758700696055683, 83.836040216550657, 82.134570765661252, 85.614849187935036, 83.836040216550657, 83.449342614075789, 81.747873163186398, 84.609435421500393, 84.068058778035578, 84.8414539829853, 85.460170146945089, 82.907965970610988, 84.222737819025511, 85.305491105955142, 85.460170146945089, 83.139984532095895, 82.830626450116, 85.614849187935036, 83.449342614075789, 83.758700696055683, 84.300077339520499, 85.073472544470221, 84.76411446249034, 83.68136117556071, 83.836040216550657, 83.062645011600935, 84.996133023975247, 82.057231245166278, 82.753286929621041, 84.996133023975247, 82.753286929621041, 85.150812064965194, 84.068058778035578, 84.068058778035578, 83.68136117556071, 85.537509667440062, 84.454756380510446, 84.068058778035578, 84.377416860015458, 81.206496519721583, 84.300077339520499, 85.769528228924983, 83.139984532095895, 82.907965970610988, 85.382830626450115, 84.222737819025511, 84.76411446249034, 83.062645011600935, 83.294663573085842, 84.068058778035578, 84.76411446249034, 83.604021655065736, 85.305491105955142, 83.604021655065736, 84.609435421500393, 83.758700696055683, 83.68136117556071, 85.460170146945089, 83.062645011600935, 83.913379737045631, 84.532095901005405]
LogisticRegression       [92.962103634957458, 89.945862335653516, 91.802010827532868, 92.188708430007736, 90.332559938128384, 88.708430007733952, 92.26604795050271, 90.873936581593199, 89.017788089713846, 91.028615622583146, 92.343387470997683, 92.730085073472551, 90.25522041763341, 91.802010827532868, 92.188708430007736, 90.951276102088158, 90.177880897138436, 91.260634184068053, 90.409899458623357, 89.791183294663568, 90.641918020108278, 92.034029389017789, 90.177880897138436, 91.260634184068053, 92.420726991492657, 93.116782675947405, 89.172467130703794, 89.868522815158542, 93.194122196442379, 90.564578499613305, 91.802010827532868, 89.636504253673635, 91.183294663573093, 90.409899458623357, 93.735498839907194, 89.945862335653516, 90.796597061098211, 90.719257540603252, 90.487238979118331, 89.636504253673635, 93.271461716937353, 88.476411446249031, 90.332559938128384, 92.884764114462499, 94.044856921887089, 92.034029389017789, 89.481825212683688, 91.724671307037895, 90.719257540603252, 93.194122196442379, 92.034029389017789, 89.559164733178648, 90.25522041763341, 90.100541376643463, 92.420726991492657, 92.730085073472551, 93.271461716937353, 90.332559938128384, 88.24439288476411, 92.111368909512763, 91.028615622583146, 91.569992266047947, 89.945862335653516, 91.802010827532868, 91.183294663573093, 92.884764114462499, 89.559164733178648, 89.172467130703794, 92.652745552977564, 93.194122196442379, 89.559164733178648, 90.409899458623357, 89.481825212683688, 91.956689868522815, 93.4261407579273, 90.25522041763341, 90.796597061098211, 90.409899458623357, 89.095127610208806, 92.343387470997683, 93.503480278422273, 87.857695282289257, 93.039443155452446, 93.039443155452446, 90.719257540603252, 92.962103634957458, 90.023201856148489, 89.017788089713846, 89.945862335653516, 92.498066511987631, 89.868522815158542, 91.492652745552988, 90.25522041763341, 92.884764114462499, 89.481825212683688, 91.183294663573093, 93.116782675947405, 88.785769528228926, 93.039443155452446, 91.879350348027842]
MultinomialNB            [82.830626450116, 82.134570765661252, 81.747873163186398, 82.907965970610988, 82.830626450116, 83.294663573085842, 82.211910286156225, 81.979891724671305, 83.062645011600935, 83.526682134570763, 81.902552204176331, 82.289249806651199, 81.283836040216556, 82.289249806651199, 82.675947409126067, 83.139984532095895, 81.67053364269141, 82.985305491105947, 83.68136117556071, 81.747873163186398, 82.907965970610988, 83.217324052590868, 80.742459396751741, 83.449342614075789, 84.300077339520499, 83.217324052590868, 80.278422273781899, 82.830626450116, 83.294663573085842, 82.443928847641146, 82.366589327146173, 82.443928847641146, 82.675947409126067, 82.907965970610988, 82.598607888631093, 82.134570765661252, 83.139984532095895, 82.52126836813612, 82.52126836813612, 81.283836040216556, 82.443928847641146, 82.366589327146173, 83.294663573085842, 82.211910286156225, 82.830626450116, 84.609435421500393, 81.051817478731635, 81.67053364269141, 82.52126836813612, 81.515854601701463, 82.675947409126067, 82.057231245166278, 83.604021655065736, 82.985305491105947, 81.979891724671305, 82.830626450116, 83.526682134570763, 82.134570765661252, 80.742459396751741, 83.836040216550657, 82.753286929621041, 83.990719257540604, 81.825212683681357, 81.67053364269141, 82.907965970610988, 82.985305491105947, 82.675947409126067, 82.675947409126067, 82.211910286156225, 83.294663573085842, 82.057231245166278, 82.443928847641146, 81.206496519721583, 82.907965970610988, 83.217324052590868, 82.52126836813612, 82.675947409126067, 82.52126836813612, 81.438515081206504, 83.836040216550657, 83.062645011600935, 80.046403712296993, 84.068058778035578, 83.062645011600935, 82.907965970610988, 84.532095901005405, 81.438515081206504, 81.361175560711516, 82.289249806651199, 82.598607888631093, 81.593194122196451, 83.217324052590868, 81.747873163186398, 83.139984532095895, 81.515854601701463, 83.062645011600935, 82.134570765661252, 81.051817478731635, 82.985305491105947, 83.68136117556071]
RandomForestClassifier   [94.58623356535189, 95.359628770301612, 94.895591647331784, 94.122196442382062, 95.514307811291559, 95.436968290796599, 94.354215003866983, 94.58623356535189, 94.663573085846863, 95.050270688321731, 94.663573085846863, 95.050270688321731, 94.740912606341837, 96.210363495746336, 93.967517401392115, 94.354215003866983, 94.818252126836811, 94.58623356535189, 94.044856921887089, 94.508894044856916, 95.050270688321731, 93.658159319412221, 94.431554524361943, 95.050270688321731, 94.818252126836811, 94.972931167826758, 93.890177880897141, 94.354215003866983, 95.127610208816705, 94.27687548337201, 95.204949729311679, 95.591647331786547, 95.359628770301612, 95.514307811291559, 95.746326372776494, 93.348801237432326, 94.58623356535189, 94.354215003866983, 95.591647331786547, 94.122196442382062, 94.818252126836811, 94.895591647331784, 93.812838360402168, 95.359628770301612, 95.746326372776494, 94.663573085846863, 94.972931167826758, 93.967517401392115, 94.663573085846863, 94.740912606341837, 93.967517401392115, 95.668986852281506, 94.895591647331784, 94.27687548337201, 94.663573085846863, 95.591647331786547, 94.818252126836811, 95.514307811291559, 95.901005413766441, 94.508894044856916, 94.58623356535189, 95.204949729311679, 95.823665893271453, 95.901005413766441, 95.823665893271453, 94.508894044856916, 95.436968290796599, 94.740912606341837, 95.050270688321731, 94.972931167826758, 95.204949729311679, 93.658159319412221, 95.050270688321731, 94.740912606341837, 94.044856921887089, 94.27687548337201, 95.204949729311679, 94.508894044856916, 95.050270688321731, 94.740912606341837, 94.431554524361943, 94.740912606341837, 95.050270688321731, 95.127610208816705, 94.972931167826758, 94.972931167826758, 95.127610208816705, 95.514307811291559, 95.127610208816705, 94.895591647331784, 95.127610208816705, 94.354215003866983, 94.740912606341837, 94.740912606341837, 94.044856921887089, 95.282289249806652, 94.122196442382062, 94.122196442382062, 94.895591647331784, 95.127610208816705]

Standings:
MLPClassifier            [2, 3, 3, 1, 2, 2, 1, 2, 2, 2, 3, 3, 2, 2, 2, 2, 3, 2, 3, 2, 2, 1, 1, 3, 3, 2, 3, 1, 2, 2, 2, 2, 2, 2, 2, 1, 2, 1, 2, 1, 3, 2, 1, 2, 3, 2, 3, 2, 2, 3, 1, 3, 2, 1, 1, 3, 1, 2, 3, 3, 3, 2, 3, 2, 2, 3, 3, 2, 2, 2, 2, 1, 3, 2, 3, 2, 1, 1, 3, 2, 2, 3, 3, 2, 2, 2, 2, 2, 3, 2, 2, 3, 2, 2, 2, 2, 1, 2, 3, 3]
LinearSVC                [3, 2, 2, 1, 3, 3, 2, 3, 3, 3, 2, 2, 3, 3, 3, 3, 2, 3, 1, 3, 3, 3, 2, 2, 2, 3, 2, 3, 3, 3, 3, 3, 3, 3, 3, 3, 3, 3, 2, 3, 2, 3, 2, 2, 2, 3, 2, 3, 3, 2, 3, 2, 3, 3, 3, 2, 3, 3, 2, 2, 2, 3, 2, 3, 2, 2, 2, 3, 2, 3, 2, 3, 2, 3, 2, 3, 3, 2, 2, 3, 4, 2, 2, 3, 3, 3, 3, 3, 2, 3, 3, 2, 3, 3, 3, 3, 3, 2, 2, 2]
KNeighborsClassifier     [5, 5, 5, 5, 5, 5, 5, 5, 5, 5, 5, 5, 5, 5, 5, 5, 5, 5, 6, 5, 5, 5, 5, 5, 5, 5, 5, 5, 5, 5, 5, 5, 5, 5, 5, 5, 5, 5, 5, 5, 5, 6, 5, 5, 5, 6, 5, 5, 5, 5, 5, 5, 5, 5, 5, 5, 5, 5, 5, 5, 5, 5, 5, 5, 5, 5, 6, 5, 5, 6, 5, 5, 5, 5, 5, 5, 5, 5, 6, 5, 5, 5, 6, 5, 5, 5, 5, 5, 5, 5, 5, 5, 5, 5, 5, 5, 5, 5, 5, 5]
LogisticRegression       [4, 4, 4, 4, 4, 4, 4, 4, 4, 4, 4, 4, 4, 4, 4, 4, 4, 4, 4, 4, 4, 4, 4, 4, 4, 4, 4, 4, 3, 4, 4, 4, 4, 4, 4, 4, 4, 4, 4, 4, 4, 4, 4, 4, 3, 4, 4, 4, 4, 4, 4, 4, 4, 4, 4, 4, 4, 4, 4, 4, 4, 4, 4, 4, 4, 4, 4, 4, 4, 4, 4, 4, 4, 4, 3, 4, 4, 4, 4, 4, 3, 4, 4, 4, 4, 4, 4, 4, 4, 4, 4, 4, 4, 4, 4, 4, 4, 4, 4, 4]
MultinomialNB            [6, 6, 6, 6, 6, 6, 6, 6, 6, 6, 6, 6, 6, 6, 6, 6, 6, 6, 5, 6, 6, 6, 6, 6, 6, 6, 6, 6, 6, 6, 6, 6, 6, 6, 6, 6, 6, 6, 6, 6, 6, 5, 6, 6, 6, 5, 6, 6, 6, 6, 6, 6, 6, 6, 6, 5, 6, 6, 6, 6, 6, 6, 6, 6, 6, 6, 5, 6, 6, 5, 6, 6, 6, 6, 6, 6, 6, 6, 5, 6, 6, 6, 5, 6, 6, 6, 6, 6, 6, 6, 6, 6, 6, 6, 6, 6, 6, 6, 6, 6]
RandomForestClassifier   [1, 1, 1, 3, 1, 1, 3, 1, 1, 1, 1, 1, 1, 1, 1, 1, 1, 1, 2, 1, 1, 2, 3, 1, 1, 1, 1, 2, 1, 1, 1, 1, 1, 1, 1, 2, 1, 2, 1, 2, 1, 1, 3, 1, 1, 1, 1, 1, 1, 1, 1, 1, 1, 1, 2, 1, 2, 1, 1, 1, 1, 1, 1, 1, 1, 1, 1, 1, 1, 1, 1, 2, 1, 1, 1, 1, 2, 2, 1, 1, 1, 1, 1, 1, 1, 1, 1, 1, 1, 1, 1, 1, 1, 1, 1, 1, 1, 1, 1, 1]

Parameters:
MLPClassifier:
<bound method MLPClassifier.get_params of MLPClassifier(activation='relu', alpha=0.0001, batch_size='auto', beta_1=0.9,
       beta_2=0.999, early_stopping=False, epsilon=1e-08,
       hidden_layer_sizes=(100,), learning_rate='constant',
       learning_rate_init=0.001, max_iter=200, momentum=0.9,
       nesterovs_momentum=True, power_t=0.5, random_state=None,
       shuffle=True, solver='adam', tol=0.0001, validation_fraction=0.1,
       verbose=False, warm_start=False)>
LinearSVC:
<bound method LinearSVC.get_params of LinearSVC(C=1.0, class_weight=None, dual=True, fit_intercept=True,
     intercept_scaling=1, loss='squared_hinge', max_iter=1000,
     multi_class='ovr', penalty='l2', random_state=None, tol=0.0001,
     verbose=0)>
KNeighborsClassifier:
<bound method KNeighborsClassifier.get_params of KNeighborsClassifier(algorithm='auto', leaf_size=30, metric='minkowski',
           metric_params=None, n_jobs=1, n_neighbors=5, p=2,
           weights='uniform')>
LogisticRegression:
<bound method LogisticRegression.get_params of LogisticRegression(C=1.0, class_weight=None, dual=False, fit_intercept=True,
          intercept_scaling=1, max_iter=100, multi_class='ovr', n_jobs=1,
          penalty='l2', random_state=None, solver='liblinear', tol=0.0001,
          verbose=0, warm_start=False)>
MultinomialNB:
<bound method MultinomialNB.get_params of MultinomialNB(alpha=1.0, class_prior=None, fit_prior=True)>
RandomForestClassifier:
<bound method RandomForestClassifier.get_params of RandomForestClassifier(bootstrap=True, class_weight=None, criterion='gini',
            max_depth=None, max_features='auto', max_leaf_nodes=None,
            min_impurity_decrease=0.0, min_impurity_split=None,
            min_samples_leaf=1, min_samples_split=2,
            min_weight_fraction_leaf=0.0, n_estimators=10, n_jobs=1,
            oob_score=False, random_state=None, verbose=0,
            warm_start=False)>
