76.571367 minutes
PU1_500_GridSearch:
Emails: 1099
Words: 500
Ham: 618
Spam: 481

Average accurasy:
MLPClassifier            96.77
LinearSVC                95.66
KNeighborsClassifier     87.81
LogisticRegression       95.97
MultinomialNB            93.44
RandomForestClassifier   97.24

Standard deviation:
MLPClassifier            0.90
LinearSVC                1.25
KNeighborsClassifier     2.23
LogisticRegression       1.17
MultinomialNB            1.43
RandomForestClassifier   1.06

Accurasies:
MLPClassifier            [95.63636363636364, 96.36363636363636, 98.181818181818187, 94.525547445255469, 97.818181818181813, 97.090909090909093, 97.090909090909093, 97.445255474452551, 97.818181818181813, 96.36363636363636, 94.909090909090907, 96.715328467153284, 97.454545454545453, 97.090909090909093, 97.454545454545453, 96.715328467153284, 98.181818181818187, 95.63636363636364, 97.090909090909093, 95.985401459854018, 97.090909090909093, 96.0, 97.818181818181813, 96.715328467153284, 97.454545454545453, 96.727272727272734, 96.727272727272734, 97.445255474452551, 97.090909090909093, 97.454545454545453, 97.818181818181813, 95.255474452554751, 97.090909090909093, 96.36363636363636, 98.545454545454547, 94.890510948905103, 96.0, 96.727272727272734, 98.909090909090907, 96.715328467153284, 97.090909090909093, 95.27272727272728, 97.818181818181813, 96.715328467153284, 95.63636363636364, 96.727272727272734, 97.454545454545453, 96.715328467153284, 96.36363636363636, 97.454545454545453, 97.090909090909093, 96.715328467153284, 96.36363636363636, 96.36363636363636, 97.090909090909093, 95.620437956204384, 96.727272727272734, 98.545454545454547, 95.63636363636364, 95.620437956204384, 95.63636363636364, 96.36363636363636, 96.36363636363636, 96.715328467153284, 96.727272727272734, 96.0, 97.090909090909093, 96.350364963503651, 97.454545454545453, 97.454545454545453, 97.454545454545453, 95.255474452554751, 97.818181818181813, 97.454545454545453, 95.27272727272728, 95.620437956204384, 97.818181818181813, 96.727272727272734, 96.36363636363636, 97.810218978102199, 97.818181818181813, 98.181818181818187, 95.63636363636364, 96.350364963503651, 96.0, 96.36363636363636, 96.0, 96.715328467153284, 94.909090909090907, 96.727272727272734, 97.818181818181813, 97.080291970802918, 96.727272727272734, 96.727272727272734, 96.36363636363636, 98.175182481751818, 98.181818181818187, 96.36363636363636, 96.727272727272734, 96.715328467153284]
LinearSVC                [95.63636363636364, 96.0, 97.818181818181813, 93.430656934306569, 98.181818181818187, 94.181818181818173, 95.27272727272728, 95.985401459854018, 96.0, 98.181818181818187, 93.454545454545453, 96.350364963503651, 96.0, 96.36363636363636, 95.63636363636364, 93.795620437956202, 96.36363636363636, 96.727272727272734, 94.909090909090907, 92.700729927007302, 96.727272727272734, 94.181818181818173, 95.63636363636364, 95.255474452554751, 96.727272727272734, 94.909090909090907, 95.27272727272728, 95.255474452554751, 96.0, 96.36363636363636, 97.090909090909093, 95.620437956204384, 96.0, 94.909090909090907, 97.454545454545453, 92.700729927007302, 96.36363636363636, 96.0, 98.181818181818187, 95.620437956204384, 97.090909090909093, 94.181818181818173, 96.727272727272734, 94.890510948905103, 93.818181818181827, 96.36363636363636, 94.181818181818173, 96.350364963503651, 96.0, 95.63636363636364, 96.36363636363636, 93.795620437956202, 95.63636363636364, 96.36363636363636, 95.63636363636364, 97.445255474452551, 97.454545454545453, 97.818181818181813, 94.545454545454547, 94.890510948905103, 95.27272727272728, 95.63636363636364, 94.181818181818173, 95.255474452554751, 94.181818181818173, 95.63636363636364, 95.63636363636364, 95.255474452554751, 96.36363636363636, 94.909090909090907, 96.36363636363636, 94.525547445255469, 96.727272727272734, 96.727272727272734, 93.454545454545453, 95.620437956204384, 96.0, 94.181818181818173, 96.36363636363636, 96.715328467153284, 96.36363636363636, 96.36363636363636, 94.909090909090907, 95.620437956204384, 96.0, 94.181818181818173, 95.27272727272728, 95.255474452554751, 92.72727272727272, 97.818181818181813, 96.0, 94.890510948905103, 97.454545454545453, 94.909090909090907, 94.181818181818173, 97.445255474452551, 97.818181818181813, 95.63636363636364, 95.63636363636364, 94.160583941605836]
KNeighborsClassifier     [88.727272727272734, 87.63636363636364, 88.36363636363636, 88.686131386861305, 91.272727272727266, 86.545454545454547, 88.36363636363636, 85.03649635036497, 87.63636363636364, 89.454545454545453, 85.090909090909093, 86.496350364963504, 89.818181818181813, 90.909090909090907, 86.909090909090907, 87.591240875912419, 86.545454545454547, 91.63636363636364, 89.454545454545453, 84.671532846715323, 85.818181818181813, 87.272727272727266, 89.454545454545453, 88.321167883211686, 89.090909090909093, 90.909090909090907, 89.818181818181813, 87.956204379562038, 89.818181818181813, 88.0, 91.63636363636364, 84.671532846715323, 91.63636363636364, 85.454545454545453, 88.36363636363636, 89.416058394160586, 86.545454545454547, 86.545454545454547, 89.090909090909093, 85.766423357664237, 90.545454545454547, 81.454545454545453, 87.63636363636364, 88.686131386861305, 84.36363636363636, 88.727272727272734, 88.0, 89.051094890510953, 86.545454545454547, 86.545454545454547, 87.63636363636364, 90.87591240875912, 84.727272727272734, 89.454545454545453, 86.545454545454547, 89.051094890510953, 90.181818181818187, 89.090909090909093, 89.454545454545453, 82.481751824817522, 87.63636363636364, 83.27272727272728, 88.0, 88.686131386861305, 86.909090909090907, 93.454545454545453, 85.454545454545453, 86.131386861313857, 87.63636363636364, 86.909090909090907, 93.090909090909093, 84.306569343065689, 88.36363636363636, 86.181818181818187, 84.36363636363636, 89.78102189781022, 89.818181818181813, 85.454545454545453, 89.454545454545453, 89.416058394160586, 85.454545454545453, 88.727272727272734, 85.818181818181813, 86.861313868613138, 89.818181818181813, 86.909090909090907, 89.454545454545453, 85.766423357664237, 86.181818181818187, 85.818181818181813, 87.63636363636364, 86.861313868613138, 92.0, 85.454545454545453, 85.454545454545453, 90.510948905109487, 88.36363636363636, 88.727272727272734, 87.272727272727266, 86.496350364963504]
LogisticRegression       [96.36363636363636, 94.545454545454547, 97.818181818181813, 94.160583941605836, 98.181818181818187, 94.909090909090907, 95.27272727272728, 96.350364963503651, 97.090909090909093, 98.181818181818187, 94.181818181818173, 96.715328467153284, 94.909090909090907, 96.0, 95.63636363636364, 95.620437956204384, 97.454545454545453, 96.727272727272734, 95.63636363636364, 93.430656934306569, 96.727272727272734, 93.818181818181827, 96.0, 94.160583941605836, 96.727272727272734, 96.0, 96.0, 95.620437956204384, 95.27272727272728, 97.454545454545453, 96.727272727272734, 95.985401459854018, 96.727272727272734, 93.818181818181827, 97.818181818181813, 94.160583941605836, 96.727272727272734, 95.63636363636364, 97.818181818181813, 96.715328467153284, 97.454545454545453, 94.545454545454547, 97.454545454545453, 96.350364963503651, 95.27272727272728, 96.36363636363636, 94.909090909090907, 96.350364963503651, 96.36363636363636, 97.090909090909093, 95.63636363636364, 94.525547445255469, 96.727272727272734, 97.090909090909093, 95.27272727272728, 95.985401459854018, 96.36363636363636, 97.454545454545453, 93.818181818181827, 95.985401459854018, 94.909090909090907, 95.63636363636364, 95.27272727272728, 95.620437956204384, 96.0, 96.727272727272734, 96.36363636363636, 95.255474452554751, 96.0, 95.27272727272728, 97.090909090909093, 94.890510948905103, 96.727272727272734, 96.36363636363636, 93.818181818181827, 97.080291970802918, 96.0, 97.090909090909093, 96.0, 95.985401459854018, 97.090909090909093, 95.63636363636364, 95.63636363636364, 95.255474452554751, 94.909090909090907, 94.909090909090907, 95.63636363636364, 95.255474452554751, 92.72727272727272, 96.727272727272734, 97.090909090909093, 97.080291970802918, 97.818181818181813, 94.545454545454547, 94.545454545454547, 97.810218978102199, 98.181818181818187, 97.090909090909093, 95.27272727272728, 95.255474452554751]
MultinomialNB            [92.0, 93.818181818181827, 95.63636363636364, 91.605839416058402, 94.545454545454547, 92.72727272727272, 93.818181818181827, 91.970802919708035, 96.0, 93.454545454545453, 91.63636363636364, 93.430656934306569, 93.818181818181827, 92.0, 94.545454545454547, 93.795620437956202, 94.545454545454547, 94.909090909090907, 93.090909090909093, 90.87591240875912, 96.36363636363636, 92.72727272727272, 93.454545454545453, 91.605839416058402, 93.454545454545453, 94.545454545454547, 93.090909090909093, 92.700729927007302, 94.181818181818173, 95.27272727272728, 93.090909090909093, 92.700729927007302, 92.36363636363636, 91.272727272727266, 96.727272727272734, 93.795620437956202, 92.72727272727272, 93.454545454545453, 95.27272727272728, 93.430656934306569, 94.545454545454547, 93.818181818181827, 91.63636363636364, 94.890510948905103, 94.181818181818173, 92.36363636363636, 93.454545454545453, 93.795620437956202, 94.909090909090907, 94.181818181818173, 92.36363636363636, 91.240875912408754, 94.909090909090907, 94.545454545454547, 94.909090909090907, 89.416058394160586, 94.909090909090907, 92.72727272727272, 91.63636363636364, 95.255474452554751, 93.818181818181827, 92.0, 93.818181818181827, 93.795620437956202, 94.181818181818173, 94.181818181818173, 92.72727272727272, 91.605839416058402, 92.36363636363636, 94.181818181818173, 94.181818181818173, 92.335766423357668, 94.181818181818173, 95.63636363636364, 91.272727272727266, 93.065693430656935, 94.545454545454547, 93.090909090909093, 89.454545454545453, 95.620437956204384, 93.818181818181827, 93.818181818181827, 93.818181818181827, 93.795620437956202, 91.272727272727266, 93.454545454545453, 92.72727272727272, 96.350364963503651, 93.818181818181827, 92.72727272727272, 92.72727272727272, 93.065693430656935, 94.545454545454547, 94.909090909090907, 92.0, 93.065693430656935, 95.63636363636364, 92.0, 93.454545454545453, 90.87591240875912]
RandomForestClassifier   [96.727272727272734, 95.27272727272728, 98.545454545454547, 97.445255474452551, 97.090909090909093, 97.818181818181813, 98.181818181818187, 96.350364963503651, 98.181818181818187, 97.818181818181813, 96.0, 96.350364963503651, 96.36363636363636, 98.181818181818187, 97.454545454545453, 97.080291970802918, 97.090909090909093, 98.545454545454547, 98.545454545454547, 95.985401459854018, 98.545454545454547, 95.27272727272728, 97.090909090909093, 97.445255474452551, 97.454545454545453, 96.727272727272734, 97.090909090909093, 98.905109489051085, 97.454545454545453, 96.0, 96.727272727272734, 98.540145985401466, 98.545454545454547, 95.63636363636364, 97.818181818181813, 93.795620437956202, 97.454545454545453, 97.090909090909093, 98.181818181818187, 94.525547445255469, 96.36363636363636, 96.0, 96.727272727272734, 97.080291970802918, 98.181818181818187, 96.727272727272734, 97.818181818181813, 98.175182481751818, 98.181818181818187, 97.818181818181813, 97.090909090909093, 96.715328467153284, 98.181818181818187, 97.818181818181813, 98.545454545454547, 97.080291970802918, 98.181818181818187, 98.545454545454547, 96.0, 97.445255474452551, 96.727272727272734, 96.36363636363636, 97.818181818181813, 98.175182481751818, 98.909090909090907, 98.545454545454547, 96.727272727272734, 95.620437956204384, 97.454545454545453, 96.727272727272734, 97.818181818181813, 97.445255474452551, 97.090909090909093, 98.909090909090907, 94.545454545454547, 98.540145985401466, 97.454545454545453, 97.454545454545453, 96.727272727272734, 98.905109489051085, 97.090909090909093, 97.454545454545453, 97.090909090909093, 97.810218978102199, 96.0, 97.454545454545453, 97.090909090909093, 97.080291970802918, 96.727272727272734, 97.818181818181813, 97.818181818181813, 97.810218978102199, 99.63636363636364, 96.36363636363636, 95.27272727272728, 97.445255474452551, 95.63636363636364, 96.36363636363636, 96.727272727272734, 97.080291970802918]

Standings:
MLPClassifier            [3, 1, 2, 2, 3, 2, 2, 1, 2, 4, 2, 1, 1, 2, 1, 2, 1, 4, 2, 1, 2, 1, 1, 2, 1, 1, 2, 2, 2, 1, 1, 4, 2, 1, 1, 1, 4, 2, 1, 1, 2, 2, 1, 2, 2, 1, 2, 2, 2, 2, 1, 1, 3, 3, 2, 4, 3, 1, 2, 3, 2, 1, 2, 2, 2, 3, 1, 1, 1, 1, 2, 2, 1, 2, 1, 3, 1, 3, 2, 2, 1, 1, 2, 2, 1, 2, 2, 2, 2, 3, 1, 2, 4, 1, 1, 1, 1, 2, 1, 2]
LinearSVC                [3, 2, 3, 4, 1, 4, 3, 4, 4, 1, 4, 3, 3, 3, 3, 4, 4, 2, 4, 4, 3, 3, 4, 3, 3, 4, 4, 4, 3, 3, 2, 3, 4, 3, 4, 5, 3, 3, 2, 3, 2, 4, 3, 4, 5, 3, 4, 3, 4, 4, 3, 4, 4, 3, 3, 1, 2, 3, 3, 5, 3, 3, 4, 4, 4, 4, 4, 3, 3, 4, 4, 4, 3, 3, 4, 3, 3, 4, 2, 3, 4, 3, 4, 3, 1, 4, 4, 4, 4, 1, 4, 4, 3, 3, 4, 3, 3, 4, 3, 4]
KNeighborsClassifier     [6, 6, 6, 6, 6, 6, 6, 6, 6, 6, 6, 6, 6, 6, 6, 6, 6, 6, 6, 6, 6, 6, 6, 6, 6, 6, 6, 6, 6, 6, 6, 6, 6, 6, 6, 6, 6, 6, 6, 6, 6, 6, 6, 6, 6, 6, 6, 6, 6, 6, 6, 6, 6, 6, 6, 6, 6, 6, 6, 6, 6, 6, 6, 6, 6, 6, 6, 6, 6, 6, 6, 6, 6, 6, 6, 6, 6, 6, 5, 6, 6, 6, 6, 6, 6, 6, 6, 6, 6, 6, 6, 6, 6, 6, 6, 6, 6, 6, 6, 6]
LogisticRegression       [2, 4, 3, 3, 1, 3, 3, 2, 3, 1, 3, 1, 4, 4, 3, 3, 2, 2, 3, 3, 3, 4, 3, 4, 3, 3, 3, 3, 4, 1, 3, 2, 3, 4, 2, 2, 2, 4, 4, 1, 1, 3, 2, 3, 3, 3, 3, 3, 2, 3, 4, 3, 2, 2, 4, 3, 4, 4, 4, 2, 4, 3, 3, 3, 3, 2, 3, 3, 4, 3, 3, 3, 3, 4, 3, 2, 3, 2, 4, 4, 2, 4, 2, 4, 4, 3, 3, 4, 4, 3, 3, 2, 2, 5, 3, 2, 1, 1, 4, 3]
MultinomialNB            [5, 5, 5, 5, 5, 5, 5, 5, 4, 5, 5, 5, 5, 5, 5, 4, 5, 5, 5, 5, 5, 5, 5, 5, 5, 5, 5, 5, 5, 5, 5, 5, 5, 5, 5, 3, 5, 5, 5, 5, 5, 5, 5, 4, 4, 5, 5, 5, 5, 5, 5, 5, 5, 5, 5, 5, 5, 5, 5, 4, 5, 5, 5, 5, 4, 5, 5, 5, 5, 5, 5, 5, 5, 5, 5, 5, 5, 5, 5, 5, 5, 5, 5, 5, 5, 5, 5, 3, 3, 5, 5, 5, 5, 3, 5, 5, 4, 5, 5, 5]
RandomForestClassifier   [1, 3, 1, 1, 4, 1, 1, 2, 1, 3, 1, 3, 2, 1, 1, 1, 3, 1, 1, 1, 1, 2, 2, 1, 1, 1, 1, 1, 1, 4, 3, 1, 1, 2, 2, 3, 1, 1, 2, 4, 4, 1, 3, 1, 1, 1, 1, 1, 1, 1, 1, 1, 1, 1, 1, 2, 1, 1, 1, 1, 1, 1, 1, 1, 1, 1, 2, 2, 1, 2, 1, 1, 2, 1, 2, 1, 2, 1, 1, 1, 2, 2, 1, 1, 1, 1, 1, 1, 1, 1, 1, 1, 1, 2, 2, 3, 4, 2, 1, 1]

Parameters:
MLPClassifier:
<bound method MLPClassifier.get_params of MLPClassifier(activation='relu', alpha=0.0001, batch_size='auto', beta_1=0.9,
       beta_2=0.999, early_stopping=False, epsilon=1e-08,
       hidden_layer_sizes=(1000, 1000, 1000), learning_rate='constant',
       learning_rate_init=0.001, max_iter=1000, momentum=0.9,
       nesterovs_momentum=True, power_t=0.5, random_state=None,
       shuffle=True, solver='adam', tol=0.0001, validation_fraction=0.1,
       verbose=False, warm_start=False)>
LinearSVC:
<bound method LinearSVC.get_params of LinearSVC(C=2.0, class_weight=None, dual=False, fit_intercept=True,
     intercept_scaling=1, loss='squared_hinge', max_iter=2000,
     multi_class='ovr', penalty='l2', random_state=None, tol=0.0001,
     verbose=0)>
KNeighborsClassifier:
<bound method KNeighborsClassifier.get_params of KNeighborsClassifier(algorithm='brute', leaf_size=30, metric='minkowski',
           metric_params=None, n_jobs=1, n_neighbors=3, p=2,
           weights='distance')>
LogisticRegression:
<bound method LogisticRegression.get_params of LogisticRegression(C=5.0, class_weight=None, dual=True, fit_intercept=True,
          intercept_scaling=1, max_iter=100, multi_class='ovr', n_jobs=1,
          penalty='l2', random_state=None, solver='liblinear', tol=0.0001,
          verbose=0, warm_start=False)>
MultinomialNB:
<bound method MultinomialNB.get_params of MultinomialNB(alpha=0.0, class_prior=None, fit_prior=False)>
RandomForestClassifier:
<bound method RandomForestClassifier.get_params of RandomForestClassifier(bootstrap=True, class_weight=None, criterion='gini',
            max_depth=None, max_features='log2', max_leaf_nodes=None,
            min_impurity_decrease=0.0, min_impurity_split=None,
            min_samples_leaf=1, min_samples_split=9,
            min_weight_fraction_leaf=0.0, n_estimators=100, n_jobs=1,
            oob_score=False, random_state=None, verbose=0,
            warm_start=False)>
