783.689167 minutes
Enron_500:
Emails: 33716
Words: 500
Ham: 16545
Spam: 17171

MLP
[ 96.47093713  96.23368921  96.48576512  96.48576512  96.69335706
  96.42645314  96.93060498  96.23368921  96.79715302  96.58956109
  96.47093713  96.29300119  96.82680902  96.29300119  96.60438909
  96.35231317  96.44128114  96.38196916  96.5747331   96.93060498
  96.60438909  96.08540925  96.17437722  96.53024911  96.47093713
  96.5599051   96.51542112  96.871293    96.44128114  96.38196916
  96.39679715  96.72301305  96.44128114  96.63404508  96.18920522
  96.50059312  96.79715302  96.51542112  96.47093713  96.5747331
  96.67852906  96.41162515  96.42645314  96.2485172   96.5599051
  96.73784104  96.20403321  96.73784104  96.17437722  96.44128114
  96.67852906  96.64887307  96.35231317  96.39679715  97.00474496
  96.42645314  96.54507711  96.54507711  96.12989324  96.07058126
  96.61921708  96.45610913  96.45610913  96.76749703  96.54507711
  96.44128114  96.36714116  96.97508897  96.70818505  96.63404508
  96.44128114  96.47093713  96.50059312  96.60438909  96.2485172
  96.82680902  96.53024911  96.38196916  96.2633452   96.44128114
  96.82680902  96.64887307  96.66370107  96.75266904  96.51542112
  96.53024911  96.53024911  96.5599051   96.50059312  96.04092527
  96.39679715  96.47093713  96.51542112  96.44128114  96.36714116
  96.75266904  96.36714116  96.66370107  96.60438909  96.2633452 ]
96.51
0.20
[1 1 1 1 1 1 1 1 1 1 1 1 1 1 1 1 1 1 1 1 1 1 1 1 1 1 1 1 1 1 1 1 1 1 1 1 1
 1 1 1 1 1 1 1 1 1 1 1 1 1 1 1 1 1 1 1 1 1 1 1 1 1 1 1 1 1 1 1 1 1 1 1 1 1
 1 1 1 1 1 1 1 1 1 1 1 1 1 1 1 1 1 1 1 1 1 1 1 1 1 1]
LinearSVC
[ 94.51364176  94.54329775  93.97983393  94.63226572  95.0029656
  94.12811388  94.88434164  94.58778173  94.66192171  94.32087782
  95.0029656   94.0688019   94.49881376  94.23190985  94.45432977
  94.3653618   94.89916963  94.0688019   94.60260973  94.79537367
  94.27639383  94.40984579  94.64709371  94.45432977  94.46915777
  94.0688019   94.58778173  94.85468565  94.88434164  94.32087782
  94.61743772  94.45432977  94.79537367  94.40984579  94.18742586
  94.18742586  94.60260973  94.42467378  94.23190985  94.12811388
  94.48398577  94.32087782  94.23190985  94.52846975  94.64709371
  94.66192171  94.3801898   94.86951364  94.21708185  94.12811388
  94.64709371  94.55812574  94.83985765  94.33570581  94.83985765
  94.43950178  94.54329775  94.83985765  94.49881376  94.18742586
  94.3653618   94.9881376   94.51364176  95.13641756  94.51364176
  94.3653618   94.33570581  94.89916963  94.45432977  94.46915777
  94.33570581  94.79537367  94.73606168  94.49881376  93.93534994
  94.52846975  94.76571767  94.49881376  94.73606168  94.49881376
  94.57295374  94.21708185  94.0688019   94.82502966  94.55812574
  94.42467378  94.52846975  94.48398577  94.42467378  94.11328588
  94.12811388  94.3801898   94.61743772  94.29122183  94.08362989
  94.6767497   94.88434164  94.45432977  94.43950178  94.6767497 ]
94.50
0.26
[4 3 4 4 3 4 4 4 4 4 4 4 3 4 4 4 4 4 4 3 4 4 3 4 3 4 4 4 3 4 3 4 3 4 3 4 4
 4 4 4 4 3 4 4 4 4 4 4 4 4 4 4 3 3 4 4 4 3 3 4 4 4 4 3 4 4 4 4 4 4 4 4 4 4
 4 4 4 4 4 4 4 4 4 4 4 4 4 4 4 3 4 4 4 4 4 4 4 4 4 4]
SVC
[ 93.14946619  92.8232503   92.57117438  92.94187426  93.46085409
  92.79359431  93.01601423  92.8232503   93.35705813  92.58600237
  92.88256228  93.1198102   92.76393832  92.27461447  92.89739027
  93.29774614  93.17912218  92.8084223   93.53499407  93.16429419
  92.94187426  92.92704626  93.17912218  92.91221827  92.73428233
  92.73428233  93.31257414  93.26809015  92.94187426  92.88256228
  92.85290629  93.16429419  92.64531435  93.53499407  92.45255042
  93.17912218  92.70462633  92.92704626  93.04567023  93.09015421
  93.07532622  92.33392645  92.5118624   93.03084223  93.16429419
  93.07532622  93.03084223  93.07532622  92.30427046  92.79359431
  93.41637011  92.97153025  93.25326216  92.97153025  93.38671412
  93.17912218  92.79359431  93.25326216  92.73428233  92.68979834
  92.92704626  93.47568209  92.94187426  92.97153025  92.94187426
  92.98635824  92.61565836  93.56465006  93.16429419  92.94187426
  92.76393832  92.97153025  93.59430605  93.01601423  92.42289442
  92.92704626  93.35705813  93.32740214  93.17912218  92.74911032
  93.04567023  92.92704626  92.63048636  93.31257414  93.52016607
  93.09015421  93.1346382   92.88256228  92.71945433  92.73428233
  92.67497034  93.29774614  93.04567023  93.04567023  92.40806643
  93.34223013  93.26809015  93.06049822  92.85290629  93.20877817]
92.99
0.29
[5 5 5 5 5 6 6 6 6 6 5 5 5 7 6 5 5 5 5 6 5 5 5 6 6 6 5 5 6 5 5 5 6 5 6 5 6
 5 5 5 5 6 6 5 5 5 5 5 6 6 5 6 5 5 5 5 5 5 6 5 5 5 6 5 6 5 5 5 5 5 6 5 5 5
 6 5 5 5 5 5 5 6 6 5 5 5 5 5 6 6 6 5 6 5 6 5 5 5 5 6]
DecisionTree
[ 92.91221827  92.70462633  92.57117438  92.66014235  93.25326216
  92.92704626  93.40154211  92.89739027  93.68327402  93.4311981
  92.74911032  92.39323843  92.28944247  92.79359431  93.06049822
  93.26809015  92.67497034  92.77876631  93.28291815  93.29774614
  92.48220641  92.86773428  92.34875445  93.32740214  92.97153025
  93.1346382   92.70462633  92.86773428  93.28291815  92.68979834
  92.71945433  92.23013049  93.04567023  93.22360617  92.55634638
  93.07532622  93.34223013  92.86773428  92.61565836  92.98635824
  93.04567023  92.76393832  93.34223013  92.73428233  92.63048636
  92.88256228  92.97153025  93.06049822  92.92704626  92.98635824
  92.8084223   93.63879004  92.61565836  92.97153025  93.06049822
  92.86773428  92.63048636  92.64531435  93.17912218  92.48220641
  92.11150652  93.1198102   93.22360617  92.92704626  92.97153025
  92.95670225  92.12633452  93.49051008  93.16429419  92.34875445
  92.79359431  92.91221827  92.88256228  93.01601423  92.73428233
  92.91221827  92.76393832  92.85290629  92.71945433  92.67497034
  92.98635824  93.10498221  92.8232503   93.06049822  93.01601423
  92.70462633  92.58600237  92.66014235  92.85290629  92.98635824
  93.37188612  92.55634638  93.31257414  92.94187426  92.85290629
  93.1346382   92.89739027  92.5118624   92.8232503   93.26809015]
92.90
0.31
[6 6 5 6 6 5 5 5 5 5 6 6 6 5 5 6 6 6 6 5 6 6 6 5 5 5 6 6 5 6 6 7 5 6 5 6 5
 6 6 6 6 5 5 6 6 6 6 6 5 5 6 5 6 5 6 6 6 6 5 6 6 6 5 6 5 6 7 6 5 6 5 6 6 5
 5 6 6 6 6 6 6 5 5 6 6 6 6 6 5 5 5 6 5 6 5 6 6 6 6 5]
k-NN
[ 91.82977461  91.38493476  91.45907473  90.70284698  92.39323843
  91.20699881  91.29596679  92.1856465   91.94839858  90.9400949
  91.65183867  91.41459075  91.16251483  91.28113879  91.47390273
  91.48873072  91.60735469  91.8594306   91.42941874  91.2366548
  91.37010676  91.62218268  91.82977461  91.82977461  91.2366548
  91.53321471  92.39323843  91.69632266  91.81494662  91.80011862
  91.16251483  91.84460261  91.91874259  91.65183867  91.20699881
  91.80011862  91.04389087  92.08185053  91.45907473  91.8594306
  91.28113879  91.42941874  91.34045077  92.11150652  91.77046263
  91.14768683  91.48873072  92.02253855  91.29596679  92.14116251
  92.06702254  90.73250297  91.69632266  91.68149466  91.96322657
  91.31079478  91.29596679  92.28944247  92.2004745   91.91874259
  91.69632266  91.99288256  91.35527877  91.75563464  91.17734282
  91.19217082  91.51838671  92.55634638  92.15599051  91.47390273
  90.9400949   91.74080664  91.71115065  91.75563464  91.69632266
  91.45907473  92.63048636  91.72597865  91.78529063  91.28113879
  91.38493476  91.65183867  91.38493476  92.09667853  92.1856465
  91.53321471  91.50355872  91.81494662  91.29596679  91.38493476
  91.47390273  91.69632266  91.42941874  91.5776987   91.10320285
  92.40806643  91.14768683  91.35527877  91.65183867  92.21530249]
91.62
0.39
[8 9 8 9 8 9 9 7 9 9 9 9 9 9 9 9 9 8 9 9 9 8 7 8 9 9 7 8 8 9 9 8 7 9 9 8 9
 7 9 8 9 8 9 8 9 9 9 7 9 7 8 9 9 8 8 9 9 8 7 7 8 8 9 8 9 9 8 8 8 9 9 9 9 8
 8 9 8 8 8 9 9 9 9 7 8 9 9 8 9 9 9 9 9 9 8 7 8 8 8 8]
LogisticRegression
[ 94.52846975  94.52846975  94.08362989  94.81020166  95.0029656
  94.35053381  95.19572954  94.6915777   94.92882562  94.3801898
  95.04744958  94.32087782  94.27639383  94.42467378  94.72123369
  94.39501779  95.12158956  94.42467378  94.63226572  94.55812574
  94.48398577  94.51364176  94.64709371  94.49881376  94.40984579
  94.27639383  94.66192171  94.9881376   94.83985765  94.49881376
  94.55812574  94.61743772  94.73606168  94.64709371  94.18742586
  94.33570581  94.70640569  94.60260973  94.52846975  94.52846975
  94.58778173  94.27639383  94.46915777  94.57295374  94.85468565
  94.73606168  94.51364176  94.94365362  94.33570581  94.52846975
  94.75088968  94.6767497   94.88434164  94.33570581  94.94365362
  94.54329775  94.73606168  94.73606168  94.49881376  94.26156584
  94.66192171  95.13641756  94.54329775  95.12158956  94.54329775
  94.46915777  94.40984579  95.12158956  94.51364176  94.76571767
  94.42467378  94.9881376   94.79537367  94.58778173  94.23190985
  94.79537367  95.0029656   94.57295374  94.9881376   94.61743772
  94.81020166  94.39501779  94.32087782  94.89916963  94.73606168
  94.48398577  94.60260973  94.64709371  94.55812574  94.0688019
  94.27639383  94.75088968  94.89916963  94.42467378  94.09845789
  94.88434164  94.94365362  94.52846975  94.48398577  94.92882562]
94.62
0.25
[3 4 3 3 3 3 3 3 3 3 3 3 4 3 3 3 3 3 3 4 3 3 3 3 4 3 3 3 4 3 4 3 4 3 3 3 3
 3 3 3 3 4 3 3 3 3 3 3 3 3 3 3 2 3 3 3 3 4 3 3 3 3 3 4 3 3 3 3 3 3 3 3 3 3
 3 3 3 3 3 3 3 3 3 3 3 3 3 3 3 4 3 3 3 3 3 3 3 3 3 3]
MultinomialNB
[ 91.74080664  91.51838671  91.19217082  91.90391459  91.32562278
  91.2514828   91.97805457  91.38493476  92.42289442  91.35527877
  91.82977461  91.53321471  91.5480427   91.60735469  91.74080664
  91.65183867  91.96322657  91.62218268  91.66666667  91.63701068
  91.59252669  91.16251483  91.38493476  91.68149466  91.53321471
  91.66666667  91.42941874  91.5776987   91.75563464  91.8742586
  91.90391459  91.69632266  91.42941874  92.03736655  91.29596679
  91.50355872  91.5776987   91.10320285  91.5776987   91.28113879
  91.82977461  91.16251483  91.41459075  92.03736655  92.24495848
  92.11150652  91.81494662  91.77046263  91.71115065  91.29596679
  91.96322657  91.5776987   91.8594306   91.34045077  91.5628707
  91.5480427   91.77046263  91.8594306   91.41459075  90.98457888
  91.48873072  91.53321471  91.91874259  91.35527877  91.50355872
  91.75563464  91.2514828   92.14116251  91.8890866   91.69632266
  91.60735469  91.82977461  92.06702254  91.44424674  91.20699881
  91.50355872  92.28944247  91.38493476  91.60735469  91.66666667
  91.59252669  91.93357058  91.47390273  91.93357058  91.8594306
  91.8742586   91.91874259  91.59252669  91.35527877  91.65183867
  91.68149466  92.27461447  91.81494662  91.59252669  91.02906287
  91.82977461  91.13285884  91.28113879  91.47390273  91.50355872]
91.63
0.29
[9 8 9 8 9 8 8 9 8 8 8 8 8 8 8 8 8 9 8 8 8 9 9 9 8 8 9 9 9 8 7 9 9 8 7 9 8
 9 8 9 8 9 8 9 8 8 8 9 8 9 9 8 8 9 9 8 8 9 9 9 9 9 8 9 8 8 9 9 9 8 8 8 7 9
 9 8 9 9 9 8 8 8 8 9 9 7 7 9 8 8 7 8 8 8 9 9 9 9 9 9]
BernoulliNB
[ 90.73250297  89.62040332  89.57591934  90.64353499  90.68801898
  89.75385528  90.43594306  90.16903915  90.86595492  89.84282325
  90.53973903  90.67319098  89.93179122  89.84282325  90.58422301
  90.52491103  90.59905101  90.43594306  90.46559905  90.56939502
  90.16903915  90.16903915  90.85112693  90.3173191   90.45077106
  90.628707    90.71767497  90.9252669   90.28766311  89.75385528
  90.33214709  90.39145907  89.84282325  91.20699881  89.90213523
  90.33214709  90.09489917  89.93179122  90.613879    90.15421115
  90.19869514  89.97627521  90.09489917  90.39145907  91.08837485
  90.76215896  90.39145907  90.3024911   89.90213523  89.79833926
  90.83629893  90.43594306  90.88078292  90.18386714  90.76215896
  90.27283511  90.02075919  90.70284698  90.28766311  89.88730724
  89.62040332  90.51008304  90.46559905  89.93179122  90.27283511
  90.71767497  90.25800712  90.9400949   90.613879    90.09489917
  90.15421115  90.76215896  91.19217082  90.10972716  89.88730724
  90.39145907  90.613879    90.51008304  90.3024911   90.3173191
  90.40628707  90.16903915  90.46559905  90.88078292  90.88078292
  90.51008304  90.71767497  90.42111507  90.28766311  89.81316726
  90.22835113  90.46559905  90.64353499  90.02075919  89.85765125
  91.02906287  90.33214709  90.27283511  90.40628707  90.22835113]
90.36
0.36
[10 10 10 10 10 10 10 10 10 10 10 10 10 10 10 10 10 10 10 10 10 10 10 10 10
 10 10 10 10 10 10 10 10 10 10 10 10 10 10 10 10 10 10 10 10 10 10 10 10 10
 10 10 10 10 10 10 10 10 10 10 10 10 10 10 10 10 10 10 10 10 10 10 10 10 10
 10 10 10 10 10 10 10 10 10 10 10 10 10 10 10 10 10 10 10 10 10 10 10 10 10]
AdaBoost
[ 92.12633452  91.74080664  91.8594306   92.5118624   92.79359431
  91.60735469  92.43772242  92.06702254  92.86773428  92.27461447
  92.02253855  92.37841044  91.81494662  92.31909846  91.8890866
  91.90391459  92.58600237  92.14116251  91.96322657  92.08185053
  92.03736655  91.91874259  91.82977461  92.66014235  92.02253855
  92.2004745   92.14116251  92.25978648  92.00771056  92.09667853
  91.81494662  92.34875445  91.82977461  92.58600237  91.28113879
  91.97805457  91.96322657  91.8890866   92.42289442  92.33392645
  92.30427046  91.8594306   91.68149466  92.25978648  92.31909846
  92.43772242  92.12633452  92.00771056  91.84460261  91.68149466
  92.37841044  92.05219454  92.52669039  92.45255042  92.79359431
  92.00771056  91.78529063  92.58600237  92.03736655  91.8890866
  91.94839858  92.11150652  92.2004745   91.99288256  92.24495848
  92.34875445  92.21530249  92.66014235  92.37841044  92.15599051
  92.1856465   92.39323843  92.03736655  92.30427046  91.82977461
  92.12633452  92.70462633  92.15599051  91.90391459  91.81494662
  92.30427046  92.11150652  91.93357058  92.03736655  92.70462633
  91.82977461  91.77046263  92.58600237  91.66666667  91.78529063
  91.68149466  92.45255042  92.54151839  91.8742586   92.02253855
  92.1856465   92.45255042  92.42289442  92.03736655  92.34875445]
92.15
0.30
[7 7 7 7 7 7 7 8 7 7 7 7 7 6 7 7 7 7 7 7 7 7 7 7 7 7 8 7 7 7 8 6 8 7 8 7 7
 8 7 7 7 7 7 7 7 7 7 8 7 8 7 7 7 7 7 7 7 7 8 8 7 7 7 7 7 7 6 7 7 7 7 7 8 7
 7 7 7 7 7 7 7 7 7 8 7 8 8 7 7 7 7 7 7 7 7 8 7 7 7 7]
RandomForest
[ 95.32918149  95.16607355  95.43297746  95.12158956  95.69988138
  95.19572954  95.67022539  95.15124555  95.47746145  95.6257414
  95.16607355  95.19572954  95.41814947  95.28469751  95.52194543
  95.86298932  95.69988138  95.37366548  95.40332147  95.46263345
  95.22538553  95.78884935  95.38849348  95.53677343  95.44780546
  95.65539739  95.16607355  95.53677343  95.67022539  95.47746145
  95.21055753  94.85468565  95.6257414   96.08540925  95.56642942
  95.01779359  95.81850534  95.6405694   95.44780546  95.2995255
  95.47746145  95.32918149  95.6257414   95.26986951  95.26986951
  95.3143535   95.53677343  95.6109134   95.47746145  95.58125741
  95.49228944  95.80367734  94.82502966  95.38849348  95.72953737
  95.34400949  94.94365362  95.71470937  95.44780546  95.01779359
  95.13641756  95.55160142  95.40332147  95.55160142  95.26986951
  95.22538553  94.9881376   96.33748517  95.55160142  95.40332147
  95.2995255   95.74436536  95.15124555  95.55160142  95.38849348
  95.69988138  95.83333333  95.68505338  95.6257414   95.6109134
  95.47746145  95.59608541  95.65539739  95.25504152  95.6257414
  95.55160142  95.35883749  95.15124555  95.15124555  95.38849348
  95.40332147  95.28469751  95.52194543  95.58125741  95.6109134
  95.83333333  95.50711744  95.55160142  95.80367734  95.71470937]
95.46
0.25
[2 2 2 2 2 2 2 2 2 2 2 2 2 2 2 2 2 2 2 2 2 2 2 2 2 2 2 2 2 2 2 2 2 2 2 2 2
 2 2 2 2 2 2 2 2 2 2 2 2 2 2 2 4 2 2 2 2 2 2 2 2 2 2 2 2 2 2 2 2 2 2 2 2 2
 2 2 2 2 2 2 2 2 2 2 2 2 2 2 2 2 2 2 2 2 2 2 2 2 2 2]

<bound method MLPClassifier.get_params of MLPClassifier(activation='relu', alpha=0.0001, batch_size='auto', beta_1=0.9,
       beta_2=0.999, early_stopping=False, epsilon=1e-08,
       hidden_layer_sizes=(100,), learning_rate='constant',
       learning_rate_init=0.001, max_iter=200, momentum=0.9,
       nesterovs_momentum=True, power_t=0.5, random_state=None,
       shuffle=True, solver='adam', tol=0.0001, validation_fraction=0.1,
       verbose=False, warm_start=False)>
<bound method LinearSVC.get_params of LinearSVC(C=1.0, class_weight=None, dual=True, fit_intercept=True,
     intercept_scaling=1, loss='squared_hinge', max_iter=1000,
     multi_class='ovr', penalty='l2', random_state=None, tol=0.0001,
     verbose=0)>
<bound method SVC.get_params of SVC(C=1.0, cache_size=200, class_weight=None, coef0=0.0,
  decision_function_shape='ovr', degree=3, gamma='auto', kernel='rbf',
  max_iter=-1, probability=False, random_state=None, shrinking=True,
  tol=0.001, verbose=False)>
<bound method DecisionTreeClassifier.get_params of DecisionTreeClassifier(class_weight=None, criterion='gini', max_depth=None,
            max_features=None, max_leaf_nodes=None,
            min_impurity_decrease=0.0, min_impurity_split=None,
            min_samples_leaf=1, min_samples_split=2,
            min_weight_fraction_leaf=0.0, presort=False, random_state=None,
            splitter='best')>
<bound method KNeighborsClassifier.get_params of KNeighborsClassifier(algorithm='auto', leaf_size=30, metric='minkowski',
           metric_params=None, n_jobs=1, n_neighbors=5, p=2,
           weights='uniform')>
<bound method LogisticRegression.get_params of LogisticRegression(C=1.0, class_weight=None, dual=False, fit_intercept=True,
          intercept_scaling=1, max_iter=100, multi_class='ovr', n_jobs=1,
          penalty='l2', random_state=None, solver='liblinear', tol=0.0001,
          verbose=0, warm_start=False)>
<bound method MultinomialNB.get_params of MultinomialNB(alpha=1.0, class_prior=None, fit_prior=True)>
<bound method BernoulliNB.get_params of BernoulliNB(alpha=1.0, binarize=0.0, class_prior=None, fit_prior=True)>
<bound method AdaBoostClassifier.get_params of AdaBoostClassifier(algorithm='SAMME.R', base_estimator=None,
          learning_rate=1.0, n_estimators=50, random_state=None)>
<bound method RandomForestClassifier.get_params of RandomForestClassifier(bootstrap=True, class_weight=None, criterion='gini',
            max_depth=None, max_features='auto', max_leaf_nodes=None,
            min_impurity_decrease=0.0, min_impurity_split=None,
            min_samples_leaf=1, min_samples_split=2,
            min_weight_fraction_leaf=0.0, n_estimators=10, n_jobs=1,
            oob_score=False, random_state=None, verbose=0,
            warm_start=False)>
