6.959700 minutes
PU1_500:
Emails: 1099
Words: 500
Ham: 618
Spam: 481

MLP
[ 95.90909091  95.90909091  96.81818182  96.81818182  98.18181818
  98.18181818  95.90909091  96.36363636  99.09090909  98.63636364
  95.90909091  96.81818182  96.81818182  95.45454545  95.          96.81818182
  98.18181818  97.72727273  98.63636364  98.63636364  97.27272727
  94.09090909  96.36363636  98.63636364  97.27272727  98.18181818
  96.36363636  97.27272727  97.27272727  95.90909091  95.90909091  95.
  96.81818182  97.72727273  96.81818182  95.          97.72727273
  95.90909091  95.90909091  95.45454545  95.45454545  97.72727273
  96.81818182  96.36363636  97.72727273  98.18181818  96.36363636
  97.27272727  96.81818182  96.36363636  95.90909091  96.36363636
  97.27272727  97.72727273  97.27272727  95.45454545  98.18181818
  95.45454545  99.54545455  96.81818182  98.63636364  97.72727273
  96.36363636  97.27272727  97.72727273  94.54545455  96.81818182
  97.72727273  97.72727273  96.36363636  97.72727273  95.          95.90909091
  94.54545455  97.27272727  96.36363636  95.45454545  94.09090909
  95.45454545  97.27272727  95.90909091  98.63636364  97.27272727
  96.81818182  96.36363636  95.          97.27272727  97.27272727
  98.18181818  93.63636364  96.36363636  96.81818182  94.54545455
  95.90909091  95.90909091  97.72727273  95.90909091  98.18181818
  96.81818182  95.90909091]
96.72
1.20
[2 1 3 1 1 1 1 1 1 1 1 1 1 1 2 2 1 1 1 1 1 1 3 1 3 1 2 1 1 2 1 3 1 1 1 1 1
 1 2 3 2 3 1 3 1 1 1 1 1 2 2 1 1 1 3 1 1 1 1 1 1 1 1 2 2 2 1 1 1 2 1 1 1 2
 3 1 1 2 1 1 1 1 2 3 2 1 1 1 1 2 1 1 3 1 1 2 1 1 1 1]
LinearSVC
[ 94.09090909  93.63636364  94.54545455  94.09090909  95.          95.45454545
  93.18181818  94.09090909  96.81818182  94.09090909  94.09090909
  94.09090909  95.90909091  92.27272727  93.63636364  93.18181818
  94.54545455  95.          96.36363636  97.27272727  95.90909091  90.          95.
  95.45454545  95.          94.54545455  95.45454545  93.63636364  95.
  93.18181818  93.63636364  93.63636364  95.          97.27272727
  95.45454545  92.27272727  94.54545455  93.18181818  94.54545455
  95.45454545  94.09090909  98.18181818  94.09090909  94.54545455
  95.90909091  95.90909091  94.54545455  95.45454545  95.          94.54545455
  94.09090909  93.63636364  93.18181818  95.45454545  95.45454545
  94.54545455  96.81818182  93.18181818  95.          91.36363636  95.
  97.27272727  94.09090909  94.09090909  96.81818182  92.27272727  95.          95.
  94.54545455  94.54545455  95.          94.09090909  95.          93.63636364
  95.          91.81818182  88.63636364  93.63636364  92.72727273
  92.72727273  94.09090909  97.27272727  96.81818182  95.45454545
  96.36363636  94.54545455  95.90909091  93.63636364  94.09090909
  93.18181818  94.09090909  94.09090909  93.18181818  93.63636364
  94.09090909  96.36363636  91.81818182  96.81818182  95.45454545
  93.18181818]
94.50
1.52
[5 4 5 4 4 6 5 5 3 5 5 5 3 5 4 4 4 4 2 2 3 5 5 5 5 5 3 4 2 5 5 5 3 2 4 5 3
 5 4 3 4 1 5 5 3 5 3 5 3 4 5 4 5 3 5 3 2 5 5 6 4 3 4 5 4 5 3 4 5 5 4 4 4 4
 5 6 6 3 5 5 5 3 3 5 2 3 3 5 5 4 4 3 5 4 4 4 5 3 5 5]
SVC
[ 78.63636364  74.54545455  79.09090909  75.45454545  79.09090909
  78.63636364  74.54545455  78.18181818  75.90909091  81.81818182
  76.81818182  78.63636364  78.63636364  80.45454545  74.54545455
  77.72727273  78.63636364  76.36363636  82.72727273  79.09090909  75.
  75.45454545  83.18181818  78.18181818  80.          76.36363636
  81.81818182  77.72727273  78.18181818  78.63636364  73.63636364
  73.63636364  77.27272727  82.27272727  71.81818182  72.27272727
  77.72727273  78.63636364  78.18181818  78.63636364  82.72727273  80.
  79.09090909  81.36363636  77.27272727  79.54545455  80.90909091
  82.27272727  83.63636364  77.27272727  80.45454545  77.72727273
  79.54545455  81.81818182  76.81818182  70.          75.45454545
  80.45454545  78.63636364  75.90909091  83.18181818  75.45454545
  75.45454545  80.45454545  80.45454545  75.45454545  74.09090909
  75.90909091  77.72727273  72.27272727  73.63636364  79.09090909
  73.63636364  75.45454545  77.27272727  78.63636364  76.36363636
  75.90909091  75.          74.09090909  72.72727273  76.36363636
  72.27272727  75.45454545  72.27272727  75.45454545  79.54545455  80.          75.
  75.45454545  76.81818182  77.27272727  75.90909091  71.81818182
  82.27272727  76.36363636  72.72727273  76.36363636  76.36363636
  75.45454545]
77.35
2.97
[10 10 10 10 10 10 10 10 10 10 10 10 10 10 10 10 10 10  9 10 10 10  9 10 10
 10  9 10 10 10 10 10 10 10 10 10 10 10 10 10 10 10 10 10 10 10  9  9  9 10
 10 10 10  9 10 10 10 10 10 10 10 10 10 10 10 10 10 10 10 10 10 10 10 10 10
 10 10 10 10 10 10 10 10 10 10 10 10  9 10 10 10 10 10 10 10 10 10 10 10 10]
DecisionTree
[ 88.18181818  89.09090909  89.54545455  90.45454545  88.63636364
  93.63636364  85.45454545  87.72727273  91.81818182  90.90909091
  91.81818182  89.09090909  90.          90.90909091  92.27272727
  90.45454545  90.90909091  91.36363636  92.72727273  91.81818182
  89.54545455  85.90909091  92.27272727  91.36363636  87.72727273
  92.72727273  90.          89.09090909  87.72727273  88.18181818
  89.54545455  89.54545455  90.90909091  91.36363636  93.18181818
  90.90909091  94.54545455  89.54545455  90.45454545  90.          89.54545455
  91.36363636  90.90909091  90.          87.27272727  89.09090909
  89.54545455  89.09090909  89.09090909  89.09090909  88.18181818
  89.54545455  91.36363636  90.          92.72727273  88.18181818
  90.90909091  90.90909091  87.72727273  83.18181818  89.54545455
  90.90909091  88.18181818  91.81818182  90.90909091  87.72727273
  88.18181818  89.09090909  87.72727273  92.72727273  90.90909091
  90.45454545  90.90909091  87.72727273  91.36363636  89.54545455
  87.72727273  93.18181818  89.54545455  89.09090909  89.09090909
  88.18181818  91.36363636  91.36363636  90.          87.72727273  90.
  88.18181818  90.90909091  90.90909091  90.45454545  91.81818182
  87.72727273  86.81818182  90.45454545  90.90909091  88.18181818
  94.54545455  90.90909091  85.45454545]
89.91
1.94
[7 6 7 7 6 7 8 8 6 7 7 8 6 6 6 6 7 6 6 7 7 7 6 7 9 6 6 7 7 7 7 7 6 7 6 6 3
 6 6 7 7 6 6 7 6 7 7 8 6 7 7 6 7 8 6 7 6 7 7 8 7 6 8 7 6 7 7 7 8 6 6 6 6 7
 6 7 7 5 7 6 7 7 7 7 6 7 7 8 6 6 6 6 9 7 6 7 7 5 6 8]
k-NN
[ 87.72727273  85.45454545  87.72727273  79.54545455  81.81818182
  87.27272727  83.63636364  87.72727273  83.63636364  85.          86.81818182
  81.36363636  83.18181818  83.18181818  81.36363636  80.90909091
  83.18181818  84.54545455  82.72727273  85.90909091  82.72727273
  77.27272727  83.18181818  86.36363636  88.18181818  84.09090909
  80.90909091  80.90909091  83.63636364  81.81818182  84.09090909  85.
  83.18181818  85.          85.          79.09090909  85.          80.
  83.63636364  84.09090909  85.45454545  80.45454545  85.          84.54545455
  82.72727273  83.63636364  80.45454545  81.36363636  84.09090909
  81.81818182  87.72727273  83.18181818  80.45454545  90.90909091  85.
  82.27272727  81.36363636  81.36363636  81.36363636  80.45454545
  83.63636364  81.81818182  77.72727273  85.90909091  85.          86.81818182
  80.          82.27272727  80.90909091  85.          81.81818182
  86.36363636  83.18181818  82.27272727  83.63636364  84.54545455
  82.72727273  79.54545455  77.27272727  83.63636364  85.          82.72727273
  85.45454545  85.          85.          83.63636364  88.63636364  80.
  82.27272727  85.90909091  84.09090909  86.81818182  88.18181818  80.
  84.09090909  80.45454545  77.27272727  87.27272727  86.36363636
  84.54545455]
83.46
2.68
[ 8  8  9  9  9  8  9  8  9  8  8  9  9  9  9  9  9  9  9  8  9  9  9  9  8
  9 10  9  9  9  9  8  9  8  9  9  9  9  9  8  9  9  9  9  9  9 10 10  8  9
  8  9  9  7  9  9  9  9  9  9  9  9  9  9  9  8  9  9  9  9  9  8  9  9  9
  9  9  9  9  9  9  9  8  9  9  8  8  9  9  7  9  9  7  9  9  9  9  8  9  9]
LogisticRegression
[ 95.90909091  95.45454545  97.72727273  95.45454545  96.36363636
  96.81818182  95.          94.54545455  96.81818182  95.90909091
  94.54545455  95.45454545  95.45454545  94.54545455  94.09090909
  94.09090909  95.45454545  95.90909091  96.36363636  97.27272727
  96.81818182  93.18181818  96.81818182  95.90909091  97.72727273
  96.81818182  96.81818182  95.45454545  95.          95.45454545
  94.54545455  94.54545455  95.90909091  97.27272727  96.36363636
  94.54545455  95.90909091  95.          96.36363636  96.81818182  95.
  98.18181818  95.90909091  95.90909091  96.81818182  98.18181818  95.
  95.90909091  95.          95.90909091  94.54545455  94.54545455
  94.09090909  96.36363636  98.18181818  94.09090909  96.36363636  95.
  97.27272727  94.54545455  95.90909091  97.72727273  96.36363636  95.
  97.27272727  93.63636364  96.36363636  95.45454545  95.45454545
  95.45454545  95.45454545  94.54545455  95.90909091  95.45454545
  98.18181818  95.45454545  92.27272727  94.54545455  94.54545455
  95.90909091  94.54545455  98.18181818  96.81818182  97.27272727
  97.27272727  95.          95.45454545  96.36363636  96.36363636
  91.36363636  95.90909091  95.          94.54545455  95.45454545  95.
  98.18181818  95.45454545  97.27272727  95.90909091  95.45454545]
95.75
1.26
[2 2 1 3 2 3 3 4 3 2 3 3 5 4 3 3 2 2 2 2 2 3 1 4 1 3 1 2 2 3 4 4 2 2 2 2 2
 2 1 1 3 1 3 4 2 1 2 3 3 3 3 3 4 2 1 5 4 2 2 3 2 1 1 4 3 3 2 3 3 4 3 3 1 1
 1 2 4 1 3 2 3 2 3 2 1 1 5 2 2 5 2 2 3 2 2 1 2 2 3 2]
MultinomialNB
[ 90.45454545  88.18181818  91.81818182  92.27272727  86.81818182
  95.90909091  90.45454545  90.90909091  91.81818182  92.72727273
  92.27272727  90.45454545  89.54545455  90.90909091  85.45454545
  89.09090909  91.81818182  90.          90.90909091  92.72727273  95.
  87.27272727  89.09090909  92.27272727  93.63636364  89.09090909
  89.54545455  90.90909091  88.63636364  89.54545455  90.          92.72727273
  90.          94.54545455  89.09090909  88.63636364  91.81818182  85.          90.
  91.81818182  90.45454545  90.          88.63636364  93.18181818
  86.36363636  90.90909091  92.27272727  90.          88.63636364
  89.54545455  92.27272727  89.54545455  92.72727273  92.72727273
  88.63636364  91.81818182  90.90909091  92.27272727  90.90909091
  91.81818182  91.36363636  90.45454545  91.81818182  92.72727273
  90.90909091  91.36363636  89.09090909  89.54545455  92.72727273
  90.45454545  89.54545455  87.72727273  90.45454545  89.54545455
  90.45454545  94.54545455  89.54545455  86.81818182  90.45454545
  89.09090909  92.72727273  86.81818182  93.63636364  91.81818182
  89.54545455  89.54545455  93.18181818  92.27272727  90.          85.45454545
  90.90909091  89.54545455  92.72727273  88.63636364  89.54545455
  92.27272727  90.          90.45454545  87.27272727  91.81818182]
90.54
2.06
[6 7 6 5 8 5 6 6 6 6 6 6 7 6 8 7 6 7 8 6 4 6 7 6 6 7 7 6 6 6 6 6 7 6 8 7 7
 7 7 6 6 7 8 6 7 6 6 6 7 6 6 6 6 5 8 6 6 6 6 5 6 7 6 6 6 6 6 6 6 7 7 7 7 6
 7 4 5 7 6 6 6 8 6 6 7 6 6 6 7 9 5 7 6 6 7 6 6 7 7 6]
BernoulliNB
[ 85.90909091  81.81818182  88.63636364  80.45454545  87.27272727  85.
  85.90909091  89.54545455  87.27272727  84.09090909  86.81818182
  90.45454545  87.72727273  86.36363636  89.09090909  85.          87.72727273
  90.          92.27272727  84.09090909  87.27272727  80.          86.81818182
  88.63636364  89.54545455  86.81818182  89.54545455  88.18181818  85.
  84.09090909  88.63636364  84.09090909  89.54545455  83.63636364  90.
  88.63636364  87.72727273  82.72727273  90.          84.09090909
  88.63636364  86.81818182  89.09090909  88.18181818  85.90909091
  85.90909091  85.45454545  90.          80.45454545  86.36363636
  87.27272727  85.          87.72727273  80.45454545  89.54545455
  87.27272727  85.45454545  85.45454545  83.63636364  85.          85.
  88.63636364  89.09090909  86.36363636  85.90909091  84.09090909
  87.27272727  86.36363636  89.09090909  87.72727273  83.63636364
  82.27272727  86.81818182  87.72727273  87.72727273  87.72727273
  86.36363636  85.45454545  89.54545455  88.18181818  88.18181818
  90.45454545  85.45454545  85.45454545  87.72727273  82.27272727
  87.27272727  88.63636364  87.72727273  85.90909091  86.81818182
  89.09090909  88.18181818  85.90909091  87.72727273  88.63636364
  82.72727273  83.18181818  87.27272727  87.72727273]
86.65
2.46
[ 9  9  8  8  7  9  7  7  8  9  8  6  8  8  7  8  8  7  7  9  8  8  8  8  7
  8  7  8  8  8  8  9  8  9  7  7  8  8  7  8  8  8  7  8  8  8  8  6 10  8
  9  8  8 10  7  8  8  8  8  7  8  8  7  8  8  9  8  8  7  8  8  9  8  7  8
  8  8  8  7  8  8  6  8  8  8  9  9  7  8  7  8  8  7  8  8  8  8  9  7  7]
AdaBoost
[ 96.81818182  94.09090909  97.27272727  95.90909091  96.36363636
  97.27272727  95.          95.          97.27272727  95.45454545
  94.54545455  95.45454545  96.36363636  95.45454545  95.45454545
  97.27272727  95.45454545  95.45454545  95.45454545  96.36363636  95.
  94.09090909  95.45454545  97.72727273  97.72727273  97.27272727
  94.09090909  95.45454545  95.          96.36363636  95.90909091
  98.18181818  94.09090909  97.27272727  95.45454545  93.18181818
  94.54545455  95.          95.90909091  96.36363636  96.81818182
  97.72727273  96.81818182  98.18181818  93.18181818  96.36363636
  93.63636364  95.90909091  93.63636364  97.27272727  96.36363636  95.
  95.45454545  94.09090909  97.72727273  95.          96.81818182
  94.54545455  96.36363636  95.45454545  94.09090909  94.09090909
  94.54545455  95.45454545  98.18181818  95.45454545  94.54545455
  95.90909091  95.90909091  96.36363636  95.90909091  95.          95.45454545
  94.09090909  97.72727273  95.45454545  93.18181818  93.63636364
  94.09090909  95.45454545  95.45454545  96.81818182  97.72727273
  97.72727273  96.36363636  94.54545455  96.36363636  94.54545455
  95.45454545  94.09090909  94.54545455  93.18181818  95.90909091
  95.45454545  94.54545455  97.72727273  93.18181818  96.81818182
  96.36363636  95.45454545]
95.65
1.30
[1 3 2 2 2 2 3 3 2 3 3 3 2 1 1 1 2 3 4 4 4 1 4 3 1 2 5 2 2 1 1 1 4 2 4 3 3
 2 2 2 1 3 1 1 5 3 4 3 5 1 1 2 3 4 2 2 2 3 3 2 5 4 3 3 1 1 4 2 2 2 2 1 3 3
 2 2 3 3 4 3 2 4 1 1 2 3 2 3 3 1 3 4 1 2 3 2 3 3 2 2]
RandomForest
[ 95.90909091  93.63636364  95.45454545  91.36363636  95.          96.36363636
  95.45454545  95.90909091  95.90909091  95.45454545  95.90909091
  95.90909091  95.90909091  95.          92.72727273  92.27272727
  94.54545455  93.63636364  95.          94.54545455  92.72727273
  90.45454545  96.81818182  98.18181818  95.90909091  95.90909091  95.
  93.18181818  94.54545455  93.63636364  95.90909091  96.36363636
  92.72727273  96.81818182  96.36363636  92.72727273  94.09090909
  94.54545455  94.09090909  92.72727273  94.09090909  96.36363636
  95.90909091  96.81818182  95.45454545  96.36363636  93.18181818
  96.36363636  95.90909091  93.18181818  94.54545455  93.18181818
  96.81818182  91.81818182  96.36363636  94.54545455  92.72727273
  94.54545455  96.36363636  93.63636364  95.90909091  94.09090909
  94.09090909  97.72727273  96.81818182  93.63636364  94.09090909
  91.81818182  95.45454545  97.27272727  92.27272727  92.27272727
  93.18181818  93.18181818  95.45454545  92.72727273  94.54545455
  93.18181818  95.          94.09090909  94.54545455  94.54545455
  96.36363636  96.36363636  93.63636364  94.54545455  95.90909091
  94.09090909  95.45454545  93.63636364  90.45454545  93.18181818
  95.90909091  93.63636364  93.63636364  94.09090909  93.18181818
  93.63636364  95.90909091  94.09090909]
94.60
1.58
[2 4 4 6 4 4 2 2 5 3 1 2 3 3 5 5 4 5 5 5 6 4 1 2 4 4 4 5 5 4 1 2 5 5 2 4 6
 4 5 5 4 5 3 2 4 3 5 2 2 5 3 5 2 6 4 3 5 3 3 4 2 4 4 1 4 3 5 5 3 1 5 5 5 5
 4 5 2 5 2 4 3 5 5 4 5 3 3 4 3 2 6 4 1 4 5 5 3 6 3 4]

<bound method MLPClassifier.get_params of MLPClassifier(activation='relu', alpha=0.0001, batch_size='auto', beta_1=0.9,
       beta_2=0.999, early_stopping=False, epsilon=1e-08,
       hidden_layer_sizes=(100,), learning_rate='constant',
       learning_rate_init=0.001, max_iter=200, momentum=0.9,
       nesterovs_momentum=True, power_t=0.5, random_state=None,
       shuffle=True, solver='adam', tol=0.0001, validation_fraction=0.1,
       verbose=False, warm_start=False)>
<bound method LinearSVC.get_params of LinearSVC(C=1.0, class_weight=None, dual=True, fit_intercept=True,
     intercept_scaling=1, loss='squared_hinge', max_iter=1000,
     multi_class='ovr', penalty='l2', random_state=None, tol=0.0001,
     verbose=0)>
<bound method SVC.get_params of SVC(C=1.0, cache_size=200, class_weight=None, coef0=0.0,
  decision_function_shape='ovr', degree=3, gamma='auto', kernel='rbf',
  max_iter=-1, probability=False, random_state=None, shrinking=True,
  tol=0.001, verbose=False)>
<bound method DecisionTreeClassifier.get_params of DecisionTreeClassifier(class_weight=None, criterion='gini', max_depth=None,
            max_features=None, max_leaf_nodes=None,
            min_impurity_decrease=0.0, min_impurity_split=None,
            min_samples_leaf=1, min_samples_split=2,
            min_weight_fraction_leaf=0.0, presort=False, random_state=None,
            splitter='best')>
<bound method KNeighborsClassifier.get_params of KNeighborsClassifier(algorithm='auto', leaf_size=30, metric='minkowski',
           metric_params=None, n_jobs=1, n_neighbors=5, p=2,
           weights='uniform')>
<bound method LogisticRegression.get_params of LogisticRegression(C=1.0, class_weight=None, dual=False, fit_intercept=True,
          intercept_scaling=1, max_iter=100, multi_class='ovr', n_jobs=1,
          penalty='l2', random_state=None, solver='liblinear', tol=0.0001,
          verbose=0, warm_start=False)>
<bound method MultinomialNB.get_params of MultinomialNB(alpha=1.0, class_prior=None, fit_prior=True)>
<bound method BernoulliNB.get_params of BernoulliNB(alpha=1.0, binarize=0.0, class_prior=None, fit_prior=True)>
<bound method AdaBoostClassifier.get_params of AdaBoostClassifier(algorithm='SAMME.R', base_estimator=None,
          learning_rate=1.0, n_estimators=50, random_state=None)>
<bound method RandomForestClassifier.get_params of RandomForestClassifier(bootstrap=True, class_weight=None, criterion='gini',
            max_depth=None, max_features='auto', max_leaf_nodes=None,
            min_impurity_decrease=0.0, min_impurity_split=None,
            min_samples_leaf=1, min_samples_split=2,
            min_weight_fraction_leaf=0.0, n_estimators=10, n_jobs=1,
            oob_score=False, random_state=None, verbose=0,
            warm_start=False)>
