48.374883 minutes
Enron-small_500:
Emails: 5172
Words: 500
Ham: 3672
Spam: 1500

MLP
[ 96.03864734  93.71980676  94.97584541  95.16908213  93.81642512
  94.87922705  95.65217391  95.4589372   95.4589372   95.07246377
  95.74879227  95.94202899  95.26570048  94.7826087   96.03864734
  94.97584541  93.71980676  94.39613527  94.97584541  95.16908213
  95.36231884  94.20289855  95.65217391  95.16908213  94.49275362
  95.84541063  94.97584541  95.84541063  93.62318841  95.94202899
  94.87922705  94.29951691  94.87922705  93.71980676  95.07246377
  95.84541063  94.97584541  95.4589372   95.84541063  94.10628019
  94.87922705  94.20289855  94.68599034  95.4589372   94.39613527
  95.16908213  94.49275362  96.03864734  94.97584541  95.65217391
  95.4589372   94.87922705  94.39613527  94.29951691  94.00966184
  96.03864734  95.84541063  94.49275362  94.87922705  94.10628019
  96.61835749  94.87922705  95.16908213  95.07246377  95.16908213
  96.23188406  94.29951691  95.26570048  94.39613527  94.49275362
  94.10628019  95.55555556  95.84541063  95.16908213  94.20289855
  95.07246377  94.29951691  94.7826087   96.03864734  96.1352657
  93.23671498  96.23188406  95.07246377  95.36231884  95.55555556
  94.58937198  95.4589372   95.84541063  94.87922705  94.00966184
  95.26570048  95.94202899  93.42995169  94.20289855  95.74879227
  95.84541063  94.39613527  94.39613527  96.71497585  94.49275362]
95.03
0.74
[1 4 1 1 3 1 1 1 2 1 1 1 1 2 1 1 1 2 2 2 1 2 1 1 2 1 2 1 4 1 1 3 1 3 1 2 1
 3 1 1 1 5 2 1 1 1 4 1 1 2 1 1 3 2 1 1 1 2 1 1 1 2 2 1 1 1 1 1 2 1 2 1 1 2
 2 1 2 2 1 1 4 1 1 2 1 2 3 1 2 3 1 1 4 3 1 1 2 1 1 1]
LinearSVC
[ 95.16908213  93.71980676  94.39613527  94.39613527  94.00966184
  93.91304348  94.20289855  94.7826087   94.7826087   94.39613527
  95.26570048  94.7826087   94.68599034  94.20289855  95.4589372
  93.81642512  92.75362319  94.29951691  94.87922705  94.29951691
  94.00966184  93.91304348  94.00966184  93.81642512  93.91304348
  95.4589372   94.00966184  95.36231884  92.9468599   95.16908213
  93.81642512  94.00966184  93.91304348  93.62318841  93.23671498
  95.84541063  94.39613527  95.55555556  95.84541063  93.91304348
  94.7826087   94.29951691  94.00966184  94.10628019  93.81642512
  92.75362319  93.62318841  94.87922705  92.9468599   95.16908213
  94.68599034  93.71980676  93.91304348  93.91304348  92.2705314
  94.00966184  94.20289855  93.04347826  94.29951691  93.52657005
  94.97584541  94.29951691  94.58937198  93.91304348  94.00966184
  94.39613527  93.33333333  93.62318841  93.81642512  94.20289855
  93.52657005  94.29951691  94.58937198  94.87922705  93.91304348
  94.20289855  93.33333333  94.10628019  94.68599034  95.4589372
  94.00966184  95.36231884  94.68599034  94.87922705  95.55555556
  94.49275362  95.4589372   95.4589372   94.29951691  93.71980676
  94.20289855  95.07246377  93.23671498  94.20289855  94.20289855
  94.97584541  94.29951691  94.39613527  95.55555556  93.91304348]
94.29
0.72
[2 4 2 3 2 6 5 3 4 4 2 3 2 5 2 5 3 3 3 4 4 4 4 3 5 2 5 3 5 4 3 5 4 4 5 2 4
 2 1 2 3 4 4 4 4 7 6 4 7 4 4 4 5 3 5 5 5 5 4 4 4 4 5 3 3 3 4 4 3 3 4 4 3 3
 4 4 5 3 4 3 3 3 3 3 1 3 3 4 4 4 4 4 6 3 3 2 4 1 3 4]
SVC
[ 92.56038647  94.39613527  93.62318841  93.42995169  92.65700483
  94.20289855  94.58937198  94.29951691  94.00966184  94.29951691
  93.91304348  94.20289855  94.00966184  94.29951691  93.71980676
  93.42995169  92.17391304  94.10628019  92.65700483  94.10628019
  93.14009662  93.91304348  93.23671498  92.46376812  93.14009662
  95.4589372   94.39613527  94.58937198  93.81642512  92.65700483
  93.62318841  92.65700483  92.75362319  91.98067633  93.52657005
  94.49275362  94.29951691  94.58937198  93.62318841  93.52657005
  93.23671498  94.00966184  93.91304348  93.33333333  93.04347826
  93.23671498  94.68599034  93.52657005  94.20289855  94.49275362
  93.81642512  93.52657005  94.49275362  93.33333333  92.65700483
  94.49275362  93.62318841  93.42995169  93.81642512  92.85024155
  92.75362319  93.91304348  94.68599034  93.14009662  93.52657005
  93.14009662  92.17391304  93.23671498  92.65700483  92.85024155
  93.14009662  94.10628019  94.10628019  93.42995169  92.65700483
  92.56038647  93.33333333  93.71980676  94.10628019  94.87922705
  92.9468599   94.7826087   93.04347826  94.29951691  95.16908213
  93.42995169  94.68599034  94.97584541  93.23671498  93.04347826
  93.91304348  94.00966184  94.10628019  93.91304348  93.62318841
  94.58937198  93.62318841  92.56038647  95.16908213  93.14009662]
93.67
0.74
[7 2 6 6 5 4 3 5 5 5 5 4 4 4 5 6 5 5 7 5 7 4 7 7 6 2 4 5 2 6 5 7 6 7 3 5 5
 5 6 5 5 6 5 6 7 5 2 6 4 5 5 6 2 5 4 4 7 4 5 5 7 5 4 5 6 6 7 5 7 7 5 5 5 7
 6 5 5 5 5 4 5 5 6 4 4 5 5 5 7 5 5 5 1 6 6 3 5 6 5 6]
DecisionTree
[ 93.71980676  91.49758454  93.23671498  92.07729469  92.65700483
  92.9468599   93.62318841  93.04347826  92.36714976  91.88405797
  92.9468599   93.81642512  92.65700483  93.91304348  92.9468599
  92.65700483  91.78743961  92.07729469  92.75362319  92.65700483
  93.33333333  92.85024155  93.42995169  93.14009662  92.56038647
  93.71980676  92.75362319  92.75362319  91.5942029   92.2705314
  93.04347826  94.39613527  92.36714976  93.04347826  93.04347826
  92.9468599   92.46376812  92.75362319  93.33333333  90.72463768
  93.23671498  95.07246377  92.2705314   92.75362319  93.33333333
  92.85024155  93.23671498  93.62318841  94.00966184  93.71980676
  93.42995169  92.46376812  93.04347826  93.23671498  92.07729469
  93.62318841  94.10628019  92.65700483  93.62318841  92.56038647
  92.9468599   93.14009662  93.71980676  92.9468599   92.85024155
  92.9468599   92.75362319  93.04347826  93.04347826  93.14009662
  92.17391304  92.9468599   93.33333333  94.00966184  92.65700483
  92.17391304  92.56038647  92.75362319  93.33333333  93.81642512
  91.78743961  93.81642512  93.33333333  93.23671498  94.20289855
  91.78743961  93.62318841  94.00966184  93.42995169  91.5942029
  93.62318841  92.17391304  91.5942029   91.30434783  93.33333333
  93.33333333  93.33333333  93.23671498  94.00966184  93.23671498]
92.97
0.73
[5 8 7 7 5 7 6 7 7 7 7 7 7 6 7 7 6 7 6 7 6 6 6 6 7 7 7 7 8 7 7 2 7 5 7 8 7
 7 7 7 5 2 7 7 6 6 7 5 6 6 6 7 7 6 7 7 6 7 6 6 6 6 6 6 7 7 6 6 5 5 7 7 7 5
 6 6 7 7 7 7 7 7 5 7 6 7 6 7 5 8 7 7 8 8 7 6 7 5 7 5]
k-NN
[ 89.0821256   90.72463768  88.59903382  91.49758454  89.66183575
  90.53140097  90.62801932  89.95169082  89.75845411  90.62801932
  90.04830918  90.53140097  90.43478261  90.24154589  90.43478261
  88.30917874  88.98550725  90.24154589  89.37198068  91.01449275
  89.46859903  89.85507246  90.53140097  90.62801932  89.75845411
  91.01449275  90.04830918  90.04830918  90.04830918  88.59903382
  90.72463768  89.17874396  90.62801932  88.79227053  90.53140097
  93.52657005  89.27536232  91.01449275  89.85507246  88.88888889
  89.46859903  90.72463768  90.24154589  89.75845411  90.62801932
  90.33816425  90.82125604  89.17874396  90.24154589  90.14492754
  89.46859903  89.27536232  91.69082126  90.72463768  87.7294686
  90.82125604  88.79227053  91.40096618  90.14492754  89.75845411
  90.72463768  90.24154589  90.9178744   90.24154589  90.9178744
  88.69565217  90.24154589  90.04830918  90.04830918  89.46859903
  89.46859903  90.43478261  89.95169082  91.11111111  88.98550725
  88.79227053  89.0821256   89.85507246  90.33816425  89.0821256
  89.46859903  92.36714976  89.75845411  89.95169082  91.11111111
  90.62801932  91.01449275  91.40096618  89.95169082  90.43478261
  90.53140097  89.56521739  90.24154589  91.30434783  89.75845411
  91.11111111  88.98550725  89.17874396  91.20772947  88.4057971 ]
90.09
0.90
[10  9 10  8 10  9  9  9  9  9  8  9  9  9  9 10 10  9  9  9  9  9  9  8  9
  9 10 10  9 10  9  9  8  9  9  7 10  9 10  9  9  9  9 10  9 10  9 10  9  9
  9 10  9  9 10  9 10  9  9  9 10  9  9  9  9 10  8  8  9 10  9  9  9  9 10
  9 10 10  9 10 10  9  9  9  9  9  9  8  9  9 10 10  9  8  9 10 10 10  9 10]
LogisticRegression
[ 94.58937198  94.20289855  94.20289855  94.00966184  93.62318841
  94.20289855  94.7826087   94.49275362  95.36231884  94.68599034
  95.26570048  94.10628019  94.58937198  94.87922705  95.16908213
  93.91304348  92.75362319  94.29951691  95.36231884  95.26570048
  94.58937198  94.20289855  95.16908213  93.81642512  94.49275362
  95.4589372   95.26570048  95.65217391  93.81642512  95.4589372
  93.71980676  94.29951691  94.58937198  95.16908213  93.42995169
  95.55555556  94.49275362  95.74879227  95.26570048  93.71980676
  94.20289855  94.7826087   94.29951691  94.7826087   94.20289855
  94.29951691  94.87922705  95.36231884  94.58937198  95.26570048
  94.7826087   94.7826087   94.10628019  93.52657005  93.14009662
  95.07246377  94.39613527  93.71980676  94.68599034  93.71980676
  95.26570048  94.68599034  95.16908213  93.91304348  94.20289855
  94.39613527  94.00966184  94.29951691  93.42995169  94.29951691
  93.81642512  94.87922705  94.68599034  95.4589372   94.10628019
  94.39613527  93.81642512  93.81642512  94.87922705  95.74879227
  94.39613527  95.26570048  94.49275362  95.94202899  95.55555556
  94.87922705  95.55555556  95.74879227  94.58937198  94.58937198
  93.81642512  95.36231884  94.00966184  94.49275362  94.10628019
  94.58937198  94.39613527  94.20289855  96.03864734  94.39613527]
94.58
0.66
[3 3 4 4 4 4 2 4 3 2 2 5 3 1 3 4 3 3 1 1 3 2 2 3 2 2 1 2 2 3 4 3 2 1 4 4 3
 1 3 4 4 3 3 2 2 3 1 2 3 3 3 2 4 4 3 3 4 3 2 3 2 3 2 3 2 3 3 2 4 2 3 3 2 1
 3 2 3 4 3 2 1 4 4 1 1 1 2 2 3 1 6 3 2 2 4 3 2 3 2 2]
MultinomialNB
[ 90.04830918  89.0821256   89.46859903  88.4057971   90.04830918
  89.75845411  89.85507246  88.59903382  88.98550725  89.66183575
  88.01932367  90.43478261  89.46859903  87.92270531  90.33816425
  90.33816425  89.46859903  90.04830918  89.37198068  89.95169082
  88.59903382  89.75845411  89.66183575  88.4057971   88.69565217
  89.56521739  90.24154589  90.24154589  88.79227053  89.56521739
  89.0821256   88.98550725  88.88888889  87.7294686   87.53623188
  90.14492754  89.85507246  88.79227053  90.14492754  88.79227053
  89.27536232  89.0821256   89.95169082  90.43478261  88.79227053
  91.01449275  90.53140097  90.62801932  89.37198068  89.95169082
  89.27536232  90.04830918  88.50241546  88.21256039  88.01932367
  89.85507246  89.95169082  89.27536232  87.92270531  89.66183575
  91.40096618  89.27536232  90.04830918  87.82608696  89.17874396
  89.66183575  88.79227053  88.79227053  88.59903382  90.24154589
  89.37198068  90.24154589  88.98550725  89.37198068  89.46859903
  88.11594203  89.27536232  89.95169082  88.30917874  89.56521739
  90.82125604  90.24154589  87.7294686   89.95169082  89.0821256
  89.0821256   89.17874396  88.98550725  88.79227053  88.4057971
  90.62801932  89.95169082  89.85507246  89.37198068  89.37198068
  91.30434783  90.24154589  89.46859903  89.56521739  89.56521739]
89.41
0.81
[ 9 10  9 10  9 10 10 10 10 10 10 10 10 10 10  9  9 10  9 10 10 10 10 10 10
 10  9  9 10  9 10 10 10 10 10 10  9 10  9 10 10 10 10  9 10  9 10  9 10 10
 10  9 10 10  9 10  9 10 10 10  9 10 10 10 10  9 10 10 10  9 10 10 10 10  9
 10  9  9 10  9  8 10 10  9 10 10 10 10 10 10  9  9 10 10 10  9  9  9 10  9]
BernoulliNB
[ 90.24154589  91.69082126  91.88405797  90.9178744   91.11111111
  91.88405797  92.65700483  91.11111111  90.82125604  91.88405797
  89.46859903  92.9468599   91.88405797  92.07729469  91.49758454
  91.49758454  90.14492754  91.78743961  91.69082126  92.65700483
  90.62801932  91.49758454  91.69082126  90.33816425  90.9178744
  92.17391304  91.5942029   92.56038647  92.46376812  90.82125604
  91.98067633  90.43478261  89.95169082  90.04830918  91.78743961
  91.98067633  91.5942029   91.78743961  91.98067633  90.43478261
  91.5942029   91.69082126  91.78743961  91.69082126  90.9178744
  91.88405797  92.75362319  91.98067633  91.5942029   92.46376812
  91.30434783  91.30434783  91.98067633  91.01449275  90.04830918
  91.98067633  91.01449275  91.78743961  91.5942029   91.5942029
  92.17391304  91.98067633  91.98067633  90.53140097  91.78743961
  91.49758454  89.75845411  90.04830918  91.40096618  90.62801932
  90.9178744   91.5942029   91.88405797  91.49758454  90.24154589
  90.33816425  91.5942029   91.88405797  90.62801932  92.65700483
  90.72463768  93.33333333  90.24154589  91.69082126  92.07729469
  91.49758454  92.46376812  91.40096618  90.72463768  91.88405797
  93.33333333  91.30434783  92.85024155  91.40096618  90.82125604
  93.14009662  92.07729469  90.9178744   92.17391304  91.01449275]
91.49
0.81
[8 7 8 9 8 8 8 8 8 7 9 8 8 8 8 8 8 8 8 7 8 8 8 9 8 8 8 8 7 8 8 8 9 8 8 9 8
 8 8 8 8 8 8 8 8 8 8 8 8 8 8 8 8 8 8 8 8 8 8 8 8 8 8 8 8 8 9 8 8 8 8 8 8 8
 8 8 8 8 8 8 9 8 8 8 8 8 8 8 8 7 8 8 7 7 8 7 8 8 8 8]
AdaBoost
[ 92.65700483  92.65700483  93.81642512  93.52657005  91.88405797
  94.39613527  92.9468599   93.42995169  93.71980676  92.56038647
  93.81642512  94.00966184  93.81642512  92.2705314   93.23671498
  94.10628019  91.78743961  92.2705314   93.71980676  93.42995169
  93.62318841  92.85024155  93.52657005  93.42995169  94.00966184
  93.91304348  93.62318841  93.62318841  92.85024155  93.33333333
  93.62318841  93.42995169  93.52657005  92.9468599   93.14009662
  94.29951691  94.68599034  94.00966184  93.81642512  93.52657005
  93.23671498  93.52657005  93.71980676  93.52657005  93.81642512
  93.42995169  93.91304348  93.23671498  94.20289855  93.23671498
  93.14009662  94.29951691  93.33333333  92.9468599   92.17391304
  94.00966184  94.49275362  93.04347826  93.42995169  92.17391304
  93.23671498  93.14009662  93.04347826  92.85024155  93.91304348
  93.23671498  93.04347826  92.17391304  92.9468599   93.14009662
  92.36714976  93.81642512  94.00966184  93.91304348  93.42995169
  91.5942029   93.52657005  93.04347826  93.81642512  94.00966184
  92.17391304  93.91304348  93.04347826  94.20289855  93.62318841
  93.42995169  92.65700483  94.7826087   93.33333333  92.56038647
  95.16908213  93.81642512  93.42995169  94.00966184  94.00966184
  92.56038647  93.42995169  92.36714976  94.39613527  92.07729469]
93.38
0.68
[6 6 5 5 7 2 7 6 6 6 6 6 6 7 6 3 6 6 5 6 5 6 5 5 4 6 6 6 6 5 5 6 5 6 6 6 2
 6 5 5 5 7 6 5 4 4 5 7 4 7 7 3 6 7 6 5 3 5 7 7 5 6 7 7 4 5 5 7 6 5 6 6 6 6
 5 7 4 6 6 6 6 6 6 5 7 5 7 6 6 6 2 6 4 5 5 8 6 7 6 7]
RandomForest
[ 94.39613527  94.58937198  94.29951691  95.07246377  94.7826087
  94.29951691  94.49275362  94.87922705  95.55555556  94.58937198
  94.7826087   95.16908213  93.91304348  94.68599034  94.97584541
  94.7826087   93.52657005  94.58937198  93.91304348  94.39613527
  94.87922705  94.87922705  95.16908213  94.87922705  94.58937198
  94.49275362  94.7826087   95.26570048  94.00966184  95.84541063
  94.00966184  94.58937198  94.39613527  94.00966184  94.49275362
  95.94202899  94.10628019  95.16908213  95.26570048  93.91304348
  94.87922705  95.36231884  95.07246377  94.68599034  93.91304348
  95.07246377  94.58937198  95.26570048  94.87922705  95.84541063
  95.16908213  93.62318841  94.58937198  94.49275362  93.62318841
  95.4589372   95.07246377  94.87922705  94.68599034  94.00966184
  95.16908213  95.84541063  95.4589372   94.29951691  93.91304348
  95.65217391  94.10628019  93.81642512  94.97584541  94.20289855
  95.07246377  95.36231884  94.39613527  94.58937198  94.39613527
  94.39613527  95.16908213  95.07246377  95.26570048  94.68599034
  94.10628019  95.74879227  95.07246377  94.00966184  94.87922705
  93.52657005  95.65217391  95.65217391  95.4589372   94.20289855
  94.87922705  95.55555556  93.62318841  94.97584541  95.07246377
  94.29951691  94.7826087   93.52657005  95.26570048  94.00966184]
94.72
0.59
[4 1 3 2 1 3 4 2 1 3 4 2 5 3 4 2 2 1 4 3 2 1 2 2 1 5 3 4 1 2 2 1 3 2 2 1 6
 4 3 2 1 1 1 3 3 2 3 3 2 1 2 5 1 1 2 2 2 1 2 2 3 1 1 2 4 2 2 3 1 3 1 2 4 4
 1 2 1 1 2 5 2 2 1 6 5 4 1 3 1 2 3 2 3 1 2 5 1 4 4 3]

<bound method MLPClassifier.get_params of MLPClassifier(activation='relu', alpha=0.0001, batch_size='auto', beta_1=0.9,
       beta_2=0.999, early_stopping=False, epsilon=1e-08,
       hidden_layer_sizes=(100,), learning_rate='constant',
       learning_rate_init=0.001, max_iter=200, momentum=0.9,
       nesterovs_momentum=True, power_t=0.5, random_state=None,
       shuffle=True, solver='adam', tol=0.0001, validation_fraction=0.1,
       verbose=False, warm_start=False)>
<bound method LinearSVC.get_params of LinearSVC(C=1.0, class_weight=None, dual=True, fit_intercept=True,
     intercept_scaling=1, loss='squared_hinge', max_iter=1000,
     multi_class='ovr', penalty='l2', random_state=None, tol=0.0001,
     verbose=0)>
<bound method SVC.get_params of SVC(C=1.0, cache_size=200, class_weight=None, coef0=0.0,
  decision_function_shape='ovr', degree=3, gamma='auto', kernel='rbf',
  max_iter=-1, probability=False, random_state=None, shrinking=True,
  tol=0.001, verbose=False)>
<bound method DecisionTreeClassifier.get_params of DecisionTreeClassifier(class_weight=None, criterion='gini', max_depth=None,
            max_features=None, max_leaf_nodes=None,
            min_impurity_decrease=0.0, min_impurity_split=None,
            min_samples_leaf=1, min_samples_split=2,
            min_weight_fraction_leaf=0.0, presort=False, random_state=None,
            splitter='best')>
<bound method KNeighborsClassifier.get_params of KNeighborsClassifier(algorithm='auto', leaf_size=30, metric='minkowski',
           metric_params=None, n_jobs=1, n_neighbors=5, p=2,
           weights='uniform')>
<bound method LogisticRegression.get_params of LogisticRegression(C=1.0, class_weight=None, dual=False, fit_intercept=True,
          intercept_scaling=1, max_iter=100, multi_class='ovr', n_jobs=1,
          penalty='l2', random_state=None, solver='liblinear', tol=0.0001,
          verbose=0, warm_start=False)>
<bound method MultinomialNB.get_params of MultinomialNB(alpha=1.0, class_prior=None, fit_prior=True)>
<bound method BernoulliNB.get_params of BernoulliNB(alpha=1.0, binarize=0.0, class_prior=None, fit_prior=True)>
<bound method AdaBoostClassifier.get_params of AdaBoostClassifier(algorithm='SAMME.R', base_estimator=None,
          learning_rate=1.0, n_estimators=50, random_state=None)>
<bound method RandomForestClassifier.get_params of RandomForestClassifier(bootstrap=True, class_weight=None, criterion='gini',
            max_depth=None, max_features='auto', max_leaf_nodes=None,
            min_impurity_decrease=0.0, min_impurity_split=None,
            min_samples_leaf=1, min_samples_split=2,
            min_weight_fraction_leaf=0.0, n_estimators=10, n_jobs=1,
            oob_score=False, random_state=None, verbose=0,
            warm_start=False)>
