2468.044750 minutes
Ling-Spam_600_RandomSearch:
Emails: 2893
Words: 600
Ham: 2412
Spam: 481

Average accurasy:
MLPClassifier            98.13
LinearSVC                97.67
KNeighborsClassifier     92.19
LogisticRegression       97.61
MultinomialNB            95.22
RandomForestClassifier   98.26

Standard deviation:
MLPClassifier            0.50
LinearSVC                0.61
KNeighborsClassifier     0.92
LogisticRegression       0.58
MultinomialNB            0.75
RandomForestClassifier   0.52

Accurasies:
MLPClassifier            [98.480662983425418, 97.233748271092665, 98.340248962655593, 97.925311203319495, 98.342541436464089, 98.61687413554634, 98.063623789764861, 97.648686030428763, 97.651933701657455, 98.478561549100974, 98.201936376210227, 98.478561549100974, 98.618784530386733, 98.893499308437072, 98.201936376210227, 97.786998616874129, 97.928176795580114, 98.893499308437072, 98.063623789764861, 98.063623789764861, 98.480662983425418, 97.233748271092665, 97.925311203319495, 98.61687413554634, 98.895027624309392, 97.925311203319495, 98.340248962655593, 98.478561549100974, 98.618784530386733, 97.372060857538031, 98.201936376210227, 98.478561549100974, 97.790055248618785, 97.925311203319495, 99.170124481327804, 97.925311203319495, 98.895027624309392, 97.786998616874129, 98.755186721991706, 96.957123098201933, 98.895027624309392, 98.755186721991706, 97.648686030428763, 97.233748271092665, 98.342541436464089, 98.340248962655593, 97.095435684647299, 97.786998616874129, 97.51381215469614, 98.201936376210227, 98.478561549100974, 98.201936376210227, 97.651933701657455, 98.201936376210227, 97.372060857538031, 97.648686030428763, 98.756906077348063, 97.510373443983397, 96.542185338865835, 98.61687413554634, 97.651933701657455, 97.510373443983397, 98.478561549100974, 98.893499308437072, 97.928176795580114, 98.478561549100974, 97.925311203319495, 97.925311203319495, 98.06629834254143, 98.755186721991706, 98.61687413554634, 97.786998616874129, 98.480662983425418, 97.510373443983397, 98.340248962655593, 98.201936376210227, 97.928176795580114, 98.478561549100974, 98.340248962655593, 97.372060857538031, 97.928176795580114, 98.340248962655593, 98.063623789764861, 98.478561549100974, 97.790055248618785, 98.201936376210227, 98.755186721991706, 98.61687413554634, 98.06629834254143, 98.201936376210227, 97.925311203319495, 97.786998616874129, 98.204419889502759, 98.478561549100974, 97.510373443983397, 98.61687413554634, 98.204419889502759, 98.063623789764861, 99.031811894882438, 97.510373443983397]
LinearSVC                [97.099447513812152, 98.063623789764861, 98.478561549100974, 97.233748271092665, 97.928176795580114, 98.340248962655593, 98.201936376210227, 96.818810511756567, 96.961325966850836, 97.648686030428763, 97.786998616874129, 98.478561549100974, 98.06629834254143, 97.372060857538031, 98.201936376210227, 96.957123098201933, 99.033149171270722, 98.201936376210227, 97.786998616874129, 96.542185338865835, 97.51381215469614, 97.648686030428763, 97.233748271092665, 98.201936376210227, 98.342541436464089, 96.680497925311201, 97.786998616874129, 98.340248962655593, 98.342541436464089, 95.850622406639005, 98.755186721991706, 97.372060857538031, 98.618784530386733, 97.648686030428763, 97.372060857538031, 97.648686030428763, 97.651933701657455, 96.818810511756567, 97.510373443983397, 96.957123098201933, 97.790055248618785, 98.478561549100974, 98.063623789764861, 96.542185338865835, 97.928176795580114, 97.233748271092665, 97.648686030428763, 97.648686030428763, 96.961325966850836, 97.648686030428763, 98.61687413554634, 97.095435684647299, 97.790055248618785, 97.786998616874129, 98.063623789764861, 97.372060857538031, 98.06629834254143, 97.233748271092665, 97.925311203319495, 97.095435684647299, 97.099447513812152, 97.372060857538031, 98.340248962655593, 98.340248962655593, 97.375690607734811, 98.063623789764861, 96.542185338865835, 97.510373443983397, 97.375690607734811, 98.340248962655593, 98.201936376210227, 97.925311203319495, 98.204419889502759, 96.957123098201933, 97.786998616874129, 97.786998616874129, 97.51381215469614, 97.372060857538031, 96.957123098201933, 96.680497925311201, 97.928176795580114, 98.61687413554634, 97.510373443983397, 97.095435684647299, 97.099447513812152, 97.510373443983397, 98.478561549100974, 98.478561549100974, 97.237569060773481, 97.372060857538031, 98.340248962655593, 97.925311203319495, 98.06629834254143, 96.680497925311201, 96.680497925311201, 98.478561549100974, 97.790055248618785, 97.372060857538031, 98.61687413554634, 97.786998616874129]
KNeighborsClassifier     [90.745856353591165, 92.531120331950206, 93.360995850622402, 91.701244813278009, 93.232044198895025, 91.562932226832643, 92.116182572614107, 91.147994467496545, 92.265193370165747, 93.360995850622402, 92.254495159059474, 91.009681881051179, 92.127071823204417, 93.222683264177036, 93.08437067773167, 90.733056708160447, 91.988950276243102, 93.360995850622402, 92.254495159059474, 91.286307053941911, 92.679558011049721, 92.116182572614107, 92.116182572614107, 91.562932226832643, 94.060773480662988, 90.594744121715081, 92.807745504840938, 92.116182572614107, 91.988950276243102, 89.211618257261421, 92.946058091286304, 93.360995850622402, 91.160220994475139, 92.39280774550484, 92.254495159059474, 92.807745504840938, 91.850828729281758, 92.116182572614107, 93.08437067773167, 92.531120331950206, 91.850828729281758, 92.946058091286304, 91.286307053941911, 91.701244813278009, 90.88397790055248, 92.531120331950206, 92.531120331950206, 92.807745504840938, 91.298342541436455, 92.531120331950206, 93.08437067773167, 92.116182572614107, 92.95580110497238, 91.701244813278009, 92.807745504840938, 91.701244813278009, 93.093922651933696, 90.594744121715081, 93.499308437067768, 91.424619640387277, 91.298342541436455, 93.360995850622402, 92.669432918395572, 93.222683264177036, 91.160220994475139, 92.669432918395572, 92.531120331950206, 91.009681881051179, 91.02209944751381, 92.254495159059474, 92.531120331950206, 92.669432918395572, 92.403314917127076, 91.562932226832643, 92.39280774550484, 90.871369294605813, 92.541436464088406, 93.222683264177036, 90.733056708160447, 91.977869986168741, 92.403314917127076, 92.807745504840938, 92.39280774550484, 91.701244813278009, 92.265193370165747, 92.807745504840938, 92.669432918395572, 93.637621023513134, 92.127071823204417, 88.934993084370674, 91.839557399723375, 93.222683264177036, 92.265193370165747, 91.424619640387277, 91.562932226832643, 93.7759336099585, 93.646408839778999, 91.562932226832643, 92.946058091286304, 92.946058091286304]
LogisticRegression       [97.51381215469614, 97.786998616874129, 97.095435684647299, 97.648686030428763, 97.928176795580114, 98.61687413554634, 98.61687413554634, 96.957123098201933, 97.237569060773481, 96.403872752420469, 97.095435684647299, 98.063623789764861, 98.480662983425418, 98.063623789764861, 97.372060857538031, 96.127247579529737, 97.099447513812152, 98.478561549100974, 97.372060857538031, 97.372060857538031, 97.237569060773481, 97.925311203319495, 97.648686030428763, 98.201936376210227, 98.342541436464089, 97.372060857538031, 97.233748271092665, 97.925311203319495, 98.06629834254143, 97.510373443983397, 96.818810511756567, 98.063623789764861, 98.480662983425418, 98.201936376210227, 97.925311203319495, 96.542185338865835, 97.51381215469614, 96.818810511756567, 97.786998616874129, 97.372060857538031, 97.099447513812152, 97.372060857538031, 98.201936376210227, 96.957123098201933, 98.480662983425418, 97.648686030428763, 97.095435684647299, 97.925311203319495, 96.823204419889507, 97.925311203319495, 98.478561549100974, 96.818810511756567, 97.651933701657455, 97.786998616874129, 98.340248962655593, 97.095435684647299, 98.06629834254143, 97.372060857538031, 97.372060857538031, 98.063623789764861, 98.06629834254143, 96.957123098201933, 97.925311203319495, 97.648686030428763, 97.928176795580114, 97.095435684647299, 97.510373443983397, 96.542185338865835, 97.375690607734811, 97.786998616874129, 97.372060857538031, 97.648686030428763, 97.928176795580114, 97.786998616874129, 98.340248962655593, 97.925311203319495, 97.51381215469614, 97.095435684647299, 97.925311203319495, 96.542185338865835, 98.204419889502759, 98.478561549100974, 97.372060857538031, 97.233748271092665, 96.546961325966848, 98.063623789764861, 97.372060857538031, 98.478561549100974, 96.823204419889507, 98.063623789764861, 96.957123098201933, 98.755186721991706, 97.651933701657455, 98.063623789764861, 96.127247579529737, 97.786998616874129, 97.928176795580114, 97.510373443983397, 97.925311203319495, 97.372060857538031]
MultinomialNB            [96.408839779005532, 95.15905947441216, 94.329183955739964, 94.882434301521428, 96.132596685082873, 94.605809128630696, 94.744121715076062, 95.573997233748273, 95.303867403314911, 95.15905947441216, 95.435684647302907, 94.744121715076062, 95.718232044198885, 95.435684647302907, 94.329183955739964, 95.020746887966794, 96.132596685082873, 93.914246196403866, 94.605809128630696, 95.712309820193639, 93.784530386740329, 96.127247579529737, 96.265560165975103, 94.190871369294598, 96.546961325966848, 94.744121715076062, 95.15905947441216, 95.297372060857526, 94.889502762430951, 94.605809128630696, 95.712309820193639, 95.435684647302907, 95.027624309392266, 94.882434301521428, 96.403872752420469, 94.605809128630696, 95.44198895027624, 94.744121715076062, 96.403872752420469, 94.605809128630696, 95.44198895027624, 95.573997233748273, 95.15905947441216, 94.882434301521428, 95.44198895027624, 95.297372060857526, 96.265560165975103, 94.744121715076062, 96.270718232044189, 94.052558782849232, 96.265560165975103, 95.020746887966794, 95.44198895027624, 94.052558782849232, 95.573997233748273, 95.850622406639005, 95.994475138121544, 94.190871369294598, 94.605809128630696, 95.020746887966794, 95.165745856353595, 94.190871369294598, 94.882434301521428, 95.297372060857526, 95.856353591160229, 95.573997233748273, 94.46749654218533, 94.329183955739964, 94.889502762430951, 95.573997233748273, 94.744121715076062, 95.988934993084371, 96.132596685082873, 93.914246196403866, 96.403872752420469, 94.329183955739964, 95.027624309392266, 95.573997233748273, 95.297372060857526, 94.190871369294598, 96.408839779005532, 94.744121715076062, 95.988934993084371, 94.052558782849232, 94.475138121546962, 94.744121715076062, 95.573997233748273, 96.542185338865835, 95.303867403314911, 95.988934993084371, 94.052558782849232, 95.573997233748273, 94.751381215469607, 96.127247579529737, 93.7759336099585, 96.680497925311201, 95.856353591160229, 93.914246196403866, 95.988934993084371, 95.850622406639005]
RandomForestClassifier   [98.342541436464089, 98.478561549100974, 98.61687413554634, 97.233748271092665, 98.342541436464089, 97.648686030428763, 98.893499308437072, 97.510373443983397, 98.06629834254143, 98.755186721991706, 98.61687413554634, 97.786998616874129, 98.895027624309392, 97.648686030428763, 98.61687413554634, 98.063623789764861, 98.480662983425418, 98.893499308437072, 98.063623789764861, 97.510373443983397, 98.342541436464089, 98.340248962655593, 98.340248962655593, 98.063623789764861, 98.480662983425418, 97.786998616874129, 97.925311203319495, 99.031811894882438, 99.171270718232037, 97.925311203319495, 98.063623789764861, 98.340248962655593, 99.033149171270722, 98.61687413554634, 97.786998616874129, 98.063623789764861, 98.756906077348063, 98.063623789764861, 97.786998616874129, 98.063623789764861, 98.342541436464089, 98.755186721991706, 98.201936376210227, 97.648686030428763, 98.204419889502759, 98.340248962655593, 98.201936376210227, 98.063623789764861, 97.928176795580114, 98.61687413554634, 99.031811894882438, 97.648686030428763, 97.375690607734811, 98.893499308437072, 98.755186721991706, 97.233748271092665, 98.342541436464089, 97.925311203319495, 98.755186721991706, 98.61687413554634, 97.375690607734811, 98.063623789764861, 98.61687413554634, 99.031811894882438, 98.618784530386733, 98.61687413554634, 97.648686030428763, 98.61687413554634, 98.756906077348063, 97.648686030428763, 98.893499308437072, 98.201936376210227, 98.06629834254143, 98.340248962655593, 98.340248962655593, 98.478561549100974, 99.033149171270722, 98.478561549100974, 98.61687413554634, 97.372060857538031, 97.51381215469614, 98.755186721991706, 97.233748271092665, 98.201936376210227, 98.204419889502759, 97.095435684647299, 98.340248962655593, 99.170124481327804, 97.51381215469614, 98.201936376210227, 98.755186721991706, 98.61687413554634, 98.895027624309392, 97.925311203319495, 98.340248962655593, 98.063623789764861, 98.480662983425418, 97.233748271092665, 99.446749654218536, 97.648686030428763]

Standings:
MLPClassifier            [1, 4, 3, 1, 1, 1, 4, 1, 2, 2, 2, 1, 2, 1, 2, 2, 3, 1, 1, 1, 1, 4, 2, 1, 1, 1, 1, 2, 2, 3, 2, 1, 4, 3, 1, 2, 1, 2, 1, 3, 1, 1, 4, 2, 2, 1, 3, 3, 2, 2, 3, 1, 2, 2, 4, 1, 1, 2, 4, 1, 2, 2, 2, 2, 2, 2, 1, 2, 2, 1, 2, 3, 1, 3, 1, 2, 2, 1, 2, 1, 2, 4, 1, 1, 2, 1, 1, 2, 1, 1, 3, 4, 2, 1, 2, 1, 2, 1, 2, 3]
LinearSVC                [4, 2, 2, 3, 3, 3, 3, 4, 4, 3, 3, 1, 4, 4, 2, 3, 1, 4, 3, 4, 3, 3, 4, 2, 3, 4, 3, 3, 3, 4, 1, 4, 2, 4, 4, 3, 3, 3, 4, 3, 3, 3, 3, 4, 4, 4, 2, 4, 3, 4, 2, 3, 1, 3, 3, 2, 3, 4, 2, 4, 4, 3, 3, 3, 4, 3, 4, 3, 3, 2, 3, 2, 2, 4, 4, 4, 3, 3, 4, 3, 2, 2, 2, 4, 3, 3, 2, 3, 3, 4, 2, 3, 3, 4, 3, 2, 4, 3, 3, 1]
KNeighborsClassifier     [6, 6, 6, 6, 6, 6, 6, 6, 6, 6, 6, 6, 6, 6, 6, 6, 6, 6, 6, 6, 6, 6, 6, 6, 6, 6, 6, 6, 6, 6, 6, 6, 6, 6, 6, 6, 6, 6, 6, 6, 6, 6, 6, 6, 6, 6, 6, 6, 6, 6, 6, 6, 6, 6, 6, 6, 6, 6, 6, 6, 6, 6, 6, 6, 6, 6, 6, 6, 6, 6, 6, 6, 6, 6, 6, 6, 6, 6, 6, 6, 6, 6, 6, 6, 6, 6, 6, 6, 6, 6, 6, 6, 6, 6, 6, 6, 6, 6, 6, 6]
LogisticRegression       [3, 3, 4, 2, 3, 1, 2, 3, 3, 4, 4, 3, 3, 2, 4, 4, 4, 3, 4, 3, 4, 2, 3, 2, 3, 3, 4, 4, 4, 2, 4, 3, 3, 2, 2, 4, 4, 3, 2, 2, 4, 4, 1, 3, 1, 3, 3, 2, 4, 3, 3, 4, 2, 3, 2, 4, 3, 3, 3, 3, 1, 4, 4, 4, 2, 4, 3, 4, 3, 3, 4, 4, 4, 2, 1, 3, 3, 4, 3, 4, 1, 3, 3, 3, 4, 2, 4, 3, 4, 3, 4, 1, 4, 2, 4, 4, 3, 2, 4, 4]
MultinomialNB            [5, 5, 5, 5, 5, 5, 5, 5, 5, 5, 5, 5, 5, 5, 5, 5, 5, 5, 5, 5, 5, 5, 5, 5, 5, 5, 5, 5, 5, 5, 5, 5, 5, 5, 5, 5, 5, 5, 5, 5, 5, 5, 5, 5, 5, 5, 5, 5, 5, 5, 5, 5, 5, 5, 5, 5, 5, 5, 5, 5, 5, 5, 5, 5, 5, 5, 5, 5, 5, 5, 5, 5, 5, 5, 5, 5, 5, 5, 5, 5, 5, 5, 5, 5, 5, 5, 5, 5, 5, 5, 5, 5, 5, 5, 5, 5, 5, 5, 5, 5]
RandomForestClassifier   [2, 1, 1, 3, 1, 4, 1, 2, 1, 1, 1, 4, 1, 3, 1, 1, 2, 1, 1, 2, 2, 1, 1, 4, 2, 2, 2, 1, 1, 1, 3, 2, 1, 1, 3, 1, 2, 1, 2, 1, 2, 1, 1, 1, 3, 1, 1, 1, 1, 1, 1, 2, 4, 1, 1, 3, 2, 1, 1, 1, 3, 1, 1, 1, 1, 1, 2, 1, 1, 4, 1, 1, 3, 1, 1, 1, 1, 1, 1, 1, 4, 1, 4, 2, 1, 4, 3, 1, 2, 1, 1, 2, 1, 3, 1, 3, 1, 4, 1, 2]

Parameters:
MLPClassifier:
<bound method MLPClassifier.get_params of MLPClassifier(activation='relu', alpha=0.0001, batch_size='auto', beta_1=0.9,
       beta_2=0.999, early_stopping=False, epsilon=1e-08,
       hidden_layer_sizes=(900, 900), learning_rate='constant',
       learning_rate_init=0.01, max_iter=1600, momentum=0.9,
       nesterovs_momentum=True, power_t=0.5, random_state=None,
       shuffle=True, solver='adam', tol=0.0001, validation_fraction=0.1,
       verbose=False, warm_start=False)>
LinearSVC:
<bound method LinearSVC.get_params of LinearSVC(C=3.8, class_weight=None, dual=False, fit_intercept=True,
     intercept_scaling=1, loss='squared_hinge', max_iter=1800,
     multi_class='ovr', penalty='l1', random_state=None, tol=0.0001,
     verbose=0)>
KNeighborsClassifier:
<bound method KNeighborsClassifier.get_params of KNeighborsClassifier(algorithm='kd_tree', leaf_size=30, metric='minkowski',
           metric_params=None, n_jobs=1, n_neighbors=3, p=2,
           weights='distance')>
LogisticRegression:
<bound method LogisticRegression.get_params of LogisticRegression(C=4.7, class_weight=None, dual=False, fit_intercept=False,
          intercept_scaling=1, max_iter=100, multi_class='ovr', n_jobs=1,
          penalty='l1', random_state=None, solver='liblinear', tol=0.0001,
          verbose=0, warm_start=False)>
MultinomialNB:
<bound method MultinomialNB.get_params of MultinomialNB(alpha=0.05, class_prior=None, fit_prior=False)>
RandomForestClassifier:
<bound method RandomForestClassifier.get_params of RandomForestClassifier(bootstrap=True, class_weight=None, criterion='entropy',
            max_depth=None, max_features='auto', max_leaf_nodes=None,
            min_impurity_decrease=0.0, min_impurity_split=None,
            min_samples_leaf=1, min_samples_split=2,
            min_weight_fraction_leaf=0.0, n_estimators=710, n_jobs=1,
            oob_score=True, random_state=None, verbose=0, warm_start=False)>
