3042.773133 minutes
Spam-Assasin_600_GridSearch:
Emails: 6046
Words: 600
Ham: 4150
Spam: 1896

Average accurasy:
MLPClassifier            91.12
LinearSVC                89.03
KNeighborsClassifier     86.29
LogisticRegression       89.06
MultinomialNB            85.20
RandomForestClassifier   91.28

Standard deviation:
MLPClassifier            0.90
LinearSVC                0.72
KNeighborsClassifier     0.96
LogisticRegression       0.73
MultinomialNB            0.81
RandomForestClassifier   0.68

Accurasies:
MLPClassifier            [90.806878306878303, 90.740740740740748, 91.396426207809398, 91.661151555261412, 90.939153439153444, 91.732804232804227, 90.933156849768366, 93.117140966247518, 92.195767195767203, 91.666666666666657, 91.594970218398402, 90.866975512905356, 90.211640211640216, 90.476190476190482, 93.117140966247518, 89.741892786234274, 91.600529100529101, 92.394179894179899, 91.396426207809398, 89.609530112508267, 89.351851851851848, 91.402116402116405, 90.271343481138317, 91.19788219722038, 90.939153439153444, 91.798941798941797, 91.925876902713426, 91.594970218398402, 90.873015873015873, 91.468253968253961, 91.925876902713426, 91.396426207809398, 90.806878306878303, 93.055555555555557, 89.874255459960295, 90.13898080741231, 91.269841269841265, 91.931216931216937, 91.661151555261412, 91.661151555261412, 89.74867724867724, 92.195767195767203, 91.793514228987434, 89.741892786234274, 90.410052910052912, 92.261904761904773, 90.337524818001327, 90.999338186631377, 89.682539682539684, 92.460317460317469, 89.808074123097285, 88.550628722700196, 92.460317460317469, 91.335978835978835, 91.19788219722038, 90.006618133686302, 91.005291005290999, 90.939153439153444, 90.006618133686302, 91.131700860357384, 89.682539682539684, 91.666666666666657, 90.933156849768366, 90.734612839179348, 90.608465608465607, 90.674603174603178, 92.720052945069483, 90.469887491727334, 90.410052910052912, 91.600529100529101, 93.117140966247518, 90.271343481138317, 92.063492063492063, 90.939153439153444, 92.256783587028451, 91.065519523494373, 90.476190476190482, 91.137566137566139, 91.925876902713426, 91.85969556585043, 90.608465608465607, 90.476190476190482, 90.337524818001327, 91.85969556585043, 90.740740740740748, 92.129629629629633, 92.058239576439448, 91.793514228987434, 90.277777777777786, 91.071428571428569, 91.462607544672409, 90.999338186631377, 91.269841269841265, 90.740740740740748, 89.675711449371278, 91.19788219722038, 90.806878306878303, 91.335978835978835, 91.727332892124423, 89.609530112508267]
LinearSVC                [88.425925925925924, 88.69047619047619, 89.940436796823292, 89.080079417604239, 88.161375661375658, 88.492063492063494, 88.285903375248182, 90.668431502316352, 88.293650793650784, 88.888888888888886, 89.410986101919249, 89.080079417604239, 89.087301587301596, 90.013227513227505, 88.947716743878232, 88.881535407015221, 88.227513227513228, 89.682539682539684, 89.146260754467249, 89.080079417604239, 87.56613756613757, 90.608465608465607, 88.616810059563207, 89.808074123097285, 88.955026455026456, 89.616402116402114, 88.682991396426203, 88.616810059563207, 88.888888888888886, 89.153439153439152, 89.146260754467249, 89.080079417604239, 88.359788359788354, 90.939153439153444, 88.616810059563207, 87.09463931171409, 88.161375661375658, 89.947089947089935, 89.344804765056253, 89.410986101919249, 88.095238095238088, 89.616402116402114, 88.947716743878232, 89.013898080741228, 88.69047619047619, 89.351851851851848, 89.741892786234274, 87.09463931171409, 88.82275132275133, 89.087301587301596, 89.410986101919249, 88.087359364659164, 89.81481481481481, 89.417989417989418, 88.815354070152225, 88.4844473858372, 90.013227513227505, 88.624338624338634, 87.75645268034414, 88.749172733289214, 89.087301587301596, 88.955026455026456, 90.271343481138317, 88.682991396426203, 88.161375661375658, 89.153439153439152, 90.469887491727334, 89.212442091330246, 87.632275132275126, 88.359788359788354, 90.536068828590331, 90.20516214427532, 89.285714285714292, 88.82275132275133, 89.741892786234274, 88.418266048974189, 88.888888888888886, 87.962962962962962, 90.20516214427532, 88.815354070152225, 88.293650793650784, 89.021164021164026, 88.4844473858372, 89.344804765056253, 89.81481481481481, 88.69047619047619, 88.749172733289214, 89.080079417604239, 89.153439153439152, 88.69047619047619, 89.080079417604239, 89.013898080741228, 89.550264550264544, 88.955026455026456, 89.609530112508267, 89.146260754467249, 89.087301587301596, 88.624338624338634, 89.741892786234274, 89.344804765056253]
KNeighborsClassifier     [85.714285714285708, 85.383597883597886, 86.829913964262076, 86.499007279947065, 86.441798941798936, 86.772486772486772, 85.771012574454005, 86.697551290536069, 86.17724867724867, 84.193121693121697, 86.763732627399065, 86.896095301125087, 85.18518518518519, 85.515873015873012, 86.565188616810062, 87.160820648577101, 85.912698412698404, 86.30952380952381, 87.425545996029115, 85.771012574454005, 86.24338624338624, 87.169312169312178, 86.101919258769016, 85.969556585043023, 86.044973544973544, 85.383597883597886, 86.499007279947065, 86.829913964262076, 86.24338624338624, 84.656084656084658, 87.09463931171409, 87.227001985440111, 85.912698412698404, 87.764550264550266, 87.888815354070147, 85.44010589013898, 84.457671957671948, 88.095238095238088, 84.976836532097948, 85.44010589013898, 84.589947089947088, 88.558201058201064, 85.572468563864987, 85.969556585043023, 86.441798941798936, 87.037037037037038, 86.43282594308404, 85.638649900727998, 86.044973544973544, 85.582010582010582, 86.16810059563204, 85.837193911317016, 87.896825396825392, 87.301587301587304, 86.43282594308404, 84.447385837193906, 87.698412698412696, 87.56613756613757, 85.109199205823955, 86.829913964262076, 86.574074074074076, 87.698412698412696, 85.638649900727998, 86.035737921906019, 84.325396825396822, 86.30952380952381, 87.690271343481143, 85.837193911317016, 85.582010582010582, 86.30952380952381, 87.557908669755122, 87.491727332892125, 86.574074074074076, 86.574074074074076, 85.373924553275984, 85.969556585043023, 84.325396825396822, 86.507936507936506, 88.749172733289214, 84.381204500330909, 86.111111111111114, 86.970899470899468, 85.175380542686966, 86.43282594308404, 86.772486772486772, 86.640211640211646, 86.101919258769016, 85.903375248180012, 86.24338624338624, 85.780423280423278, 84.976836532097948, 87.227001985440111, 87.103174603174608, 85.846560846560848, 86.499007279947065, 87.82263401720715, 85.714285714285708, 86.904761904761912, 86.101919258769016, 86.234281932495037]
LogisticRegression       [88.492063492063494, 89.285714285714292, 89.080079417604239, 88.550628722700196, 88.293650793650784, 88.955026455026456, 88.550628722700196, 91.065519523494373, 88.888888888888886, 89.021164021164026, 89.080079417604239, 89.344804765056253, 88.425925925925924, 89.484126984126988, 89.344804765056253, 89.080079417604239, 88.293650793650784, 89.484126984126988, 88.947716743878232, 88.352084712111193, 87.896825396825392, 90.079365079365076, 88.947716743878232, 90.006618133686302, 89.219576719576722, 90.608465608465607, 88.815354070152225, 88.021178027796168, 89.285714285714292, 89.153439153439152, 89.609530112508267, 90.072799470549299, 88.425925925925924, 90.740740740740748, 88.153540701522175, 87.293183322303108, 88.293650793650784, 89.81481481481481, 89.675711449371278, 89.344804765056253, 88.75661375661376, 88.888888888888886, 89.080079417604239, 88.947716743878232, 88.955026455026456, 89.351851851851848, 90.072799470549299, 86.829913964262076, 88.293650793650784, 89.550264550264544, 89.212442091330246, 88.4844473858372, 89.550264550264544, 89.285714285714292, 89.278623428193242, 88.616810059563207, 89.616402116402114, 88.161375661375658, 88.285903375248182, 88.881535407015221, 89.417989417989418, 89.087301587301596, 89.543348775645271, 88.682991396426203, 88.095238095238088, 88.888888888888886, 91.131700860357384, 88.881535407015221, 87.5, 88.161375661375658, 89.940436796823292, 89.874255459960295, 89.81481481481481, 88.69047619047619, 90.072799470549299, 88.219722038385171, 88.69047619047619, 88.095238095238088, 89.940436796823292, 89.477167438782274, 88.75661375661376, 89.88095238095238, 88.550628722700196, 89.080079417604239, 89.81481481481481, 88.558201058201064, 89.013898080741228, 89.212442091330246, 89.550264550264544, 88.955026455026456, 89.675711449371278, 88.947716743878232, 89.484126984126988, 88.227513227513228, 89.940436796823292, 88.749172733289214, 88.82275132275133, 88.69047619047619, 89.146260754467249, 88.881535407015221]
MultinomialNB            [84.193121693121697, 85.25132275132276, 85.704831237590994, 84.513567174056917, 84.457671957671948, 85.912698412698404, 85.307743216412973, 84.910655195234938, 85.582010582010582, 85.846560846560848, 84.645929847782924, 84.248841826604888, 83.862433862433861, 86.044973544973544, 85.903375248180012, 85.771012574454005, 84.325396825396822, 85.714285714285708, 85.969556585043023, 84.248841826604888, 83.531746031746039, 86.507936507936506, 85.241561879549963, 85.373924553275984, 85.714285714285708, 87.169312169312178, 83.984116479152888, 84.513567174056917, 84.193121693121697, 85.449735449735456, 85.175380542686966, 86.631369953673072, 85.052910052910065, 87.169312169312178, 84.315023163467913, 83.984116479152888, 84.722222222222214, 85.515873015873012, 84.645929847782924, 86.300463269358048, 84.589947089947088, 84.920634920634924, 85.771012574454005, 86.234281932495037, 85.714285714285708, 85.383597883597886, 85.043017868960959, 84.844473858371941, 85.25132275132276, 84.920634920634924, 85.506287227001991, 85.109199205823955, 84.457671957671948, 86.24338624338624, 85.373924553275984, 84.910655195234938, 85.383597883597886, 84.986772486772495, 85.572468563864987, 85.307743216412973, 85.383597883597886, 83.994708994709001, 85.771012574454005, 85.175380542686966, 83.862433862433861, 86.17724867724867, 85.837193911317016, 83.587028457974853, 84.854497354497354, 84.126984126984127, 86.366644606221044, 86.565188616810062, 85.648148148148152, 84.589947089947088, 85.771012574454005, 84.844473858371941, 85.18518518518519, 83.531746031746039, 85.837193911317016, 86.035737921906019, 83.796296296296291, 85.515873015873012, 86.499007279947065, 85.572468563864987, 85.052910052910065, 84.986772486772495, 86.035737921906019, 85.307743216412973, 86.30952380952381, 84.920634920634924, 85.175380542686966, 84.645929847782924, 84.920634920634924, 84.656084656084658, 84.844473858371941, 85.837193911317016, 85.25132275132276, 84.259259259259252, 86.499007279947065, 83.851753805426867]
RandomForestClassifier   [90.410052910052912, 90.211640211640216, 93.050959629384508, 91.528788881535405, 90.277777777777786, 91.402116402116405, 91.528788881535405, 91.793514228987434, 91.534391534391531, 92.129629629629633, 91.594970218398402, 90.933156849768366, 90.277777777777786, 91.005291005290999, 91.925876902713426, 91.462607544672409, 91.865079365079367, 92.460317460317469, 90.13898080741231, 89.741892786234274, 90.476190476190482, 91.005291005290999, 91.131700860357384, 91.330244870946402, 90.740740740740748, 91.335978835978835, 91.330244870946402, 91.661151555261412, 91.269841269841265, 89.219576719576722, 91.793514228987434, 91.85969556585043, 90.939153439153444, 92.592592592592595, 90.602250165453341, 90.271343481138317, 90.079365079365076, 91.137566137566139, 91.462607544672409, 91.594970218398402, 90.740740740740748, 91.137566137566139, 91.528788881535405, 90.20516214427532, 90.410052910052912, 91.997354497354493, 91.462607544672409, 91.065519523494373, 90.476190476190482, 91.798941798941797, 91.528788881535405, 90.800794176042359, 92.791005291005291, 91.468253968253961, 91.330244870946402, 90.933156849768366, 92.129629629629633, 91.203703703703709, 91.19788219722038, 91.396426207809398, 90.806878306878303, 92.129629629629633, 91.727332892124423, 90.866975512905356, 90.277777777777786, 91.997354497354493, 92.256783587028451, 90.933156849768366, 90.939153439153444, 91.203703703703709, 90.602250165453341, 90.866975512905356, 90.939153439153444, 91.137566137566139, 92.190602250165455, 91.330244870946402, 91.005291005290999, 91.534391534391531, 92.389146260754458, 92.256783587028451, 90.410052910052912, 91.865079365079367, 91.396426207809398, 91.396426207809398, 91.071428571428569, 91.468253968253961, 91.727332892124423, 91.992058239576437, 91.335978835978835, 91.269841269841265, 90.999338186631377, 90.999338186631377, 91.402116402116405, 90.145502645502646, 91.727332892124423, 91.85969556585043, 91.402116402116405, 91.203703703703709, 92.322964923891462, 91.727332892124423]

Standings:
MLPClassifier            [1, 1, 2, 1, 1, 1, 2, 1, 1, 2, 1, 2, 2, 2, 1, 2, 2, 2, 1, 2, 2, 1, 2, 2, 1, 1, 1, 2, 2, 1, 1, 2, 2, 1, 2, 2, 1, 1, 1, 1, 2, 1, 1, 2, 1, 1, 2, 2, 2, 1, 2, 2, 2, 2, 2, 2, 2, 2, 2, 2, 2, 2, 2, 2, 1, 2, 1, 2, 2, 1, 1, 2, 1, 2, 1, 2, 2, 2, 2, 2, 1, 2, 2, 1, 2, 1, 1, 2, 2, 2, 1, 1, 2, 1, 3, 2, 2, 1, 2, 2]
LinearSVC                [4, 4, 3, 3, 4, 4, 4, 4, 4, 4, 3, 4, 3, 3, 4, 4, 4, 3, 3, 3, 4, 3, 4, 4, 4, 4, 4, 3, 4, 3, 4, 4, 4, 3, 3, 4, 4, 3, 4, 3, 4, 3, 4, 3, 4, 3, 4, 3, 3, 4, 3, 4, 3, 3, 4, 4, 3, 3, 4, 4, 4, 4, 3, 3, 3, 3, 4, 3, 3, 3, 3, 3, 4, 3, 4, 3, 3, 4, 3, 4, 4, 4, 4, 3, 3, 3, 4, 4, 4, 4, 4, 3, 3, 3, 4, 3, 3, 4, 3, 3]
KNeighborsClassifier     [5, 5, 5, 5, 5, 5, 5, 5, 5, 6, 5, 5, 5, 6, 5, 5, 5, 5, 5, 5, 5, 5, 5, 5, 5, 6, 5, 5, 5, 6, 5, 5, 5, 5, 5, 5, 6, 5, 5, 6, 5, 5, 6, 6, 5, 5, 5, 5, 5, 5, 5, 5, 5, 5, 5, 6, 5, 5, 6, 5, 5, 5, 6, 5, 5, 5, 5, 5, 5, 5, 5, 5, 5, 5, 6, 5, 6, 5, 5, 6, 5, 5, 6, 5, 5, 5, 5, 5, 6, 5, 6, 5, 5, 5, 5, 5, 5, 5, 6, 5]
LogisticRegression       [3, 3, 4, 4, 3, 3, 3, 3, 3, 3, 4, 3, 4, 4, 3, 3, 3, 4, 4, 4, 3, 4, 3, 3, 3, 3, 3, 4, 3, 3, 3, 3, 3, 4, 4, 3, 3, 4, 3, 4, 3, 4, 3, 4, 3, 3, 3, 4, 4, 3, 4, 3, 4, 4, 3, 3, 4, 4, 3, 3, 3, 3, 4, 3, 4, 4, 3, 4, 4, 4, 4, 4, 3, 4, 3, 4, 4, 3, 4, 3, 3, 3, 3, 4, 3, 4, 3, 3, 3, 3, 3, 4, 4, 4, 2, 4, 4, 3, 4, 4]
MultinomialNB            [6, 6, 6, 6, 6, 6, 6, 6, 6, 5, 6, 6, 6, 5, 6, 6, 6, 6, 6, 6, 6, 6, 6, 6, 6, 5, 6, 6, 6, 5, 6, 6, 6, 6, 6, 6, 5, 6, 6, 5, 5, 6, 5, 5, 6, 6, 6, 6, 6, 6, 6, 6, 6, 6, 6, 5, 6, 6, 5, 6, 6, 6, 5, 6, 6, 6, 6, 6, 6, 6, 6, 6, 6, 6, 5, 6, 5, 6, 6, 5, 6, 6, 5, 6, 6, 6, 6, 6, 5, 6, 5, 6, 6, 6, 6, 6, 6, 6, 5, 6]
RandomForestClassifier   [2, 2, 1, 2, 2, 2, 1, 2, 2, 1, 1, 1, 1, 1, 2, 1, 1, 1, 2, 1, 1, 2, 1, 1, 2, 2, 2, 1, 1, 2, 2, 1, 1, 2, 1, 1, 2, 2, 2, 2, 1, 2, 2, 1, 1, 2, 1, 1, 1, 2, 1, 1, 1, 1, 1, 1, 1, 1, 1, 1, 1, 1, 1, 1, 2, 1, 2, 1, 1, 2, 2, 1, 2, 1, 2, 1, 1, 1, 1, 1, 2, 1, 1, 2, 1, 2, 2, 1, 1, 1, 2, 1, 1, 2, 1, 1, 1, 2, 1, 1]

Parameters:
MLPClassifier:
<bound method MLPClassifier.get_params of MLPClassifier(activation='relu', alpha=0.0001, batch_size='auto', beta_1=0.9,
       beta_2=0.999, early_stopping=False, epsilon=1e-08,
       hidden_layer_sizes=(1000, 1000, 1000), learning_rate='constant',
       learning_rate_init=0.001, max_iter=1000, momentum=0.9,
       nesterovs_momentum=True, power_t=0.5, random_state=None,
       shuffle=True, solver='adam', tol=0.0001, validation_fraction=0.1,
       verbose=False, warm_start=False)>
LinearSVC:
<bound method LinearSVC.get_params of LinearSVC(C=2.5, class_weight=None, dual=False, fit_intercept=True,
     intercept_scaling=1, loss='squared_hinge', max_iter=2000,
     multi_class='ovr', penalty='l2', random_state=None, tol=0.0001,
     verbose=0)>
KNeighborsClassifier:
<bound method KNeighborsClassifier.get_params of KNeighborsClassifier(algorithm='ball_tree', leaf_size=30, metric='minkowski',
           metric_params=None, n_jobs=1, n_neighbors=3, p=1,
           weights='distance')>
LogisticRegression:
<bound method LogisticRegression.get_params of LogisticRegression(C=5.0, class_weight=None, dual=False, fit_intercept=True,
          intercept_scaling=1, max_iter=100, multi_class='ovr', n_jobs=1,
          penalty='l1', random_state=None, solver='liblinear', tol=0.0001,
          verbose=0, warm_start=False)>
MultinomialNB:
<bound method MultinomialNB.get_params of MultinomialNB(alpha=0.0, class_prior=None, fit_prior=False)>
RandomForestClassifier:
<bound method RandomForestClassifier.get_params of RandomForestClassifier(bootstrap=True, class_weight=None, criterion='entropy',
            max_depth=None, max_features='auto', max_leaf_nodes=None,
            min_impurity_decrease=0.0, min_impurity_split=None,
            min_samples_leaf=1, min_samples_split=2,
            min_weight_fraction_leaf=0.0, n_estimators=100, n_jobs=1,
            oob_score=True, random_state=None, verbose=0, warm_start=False)>
