67.077950 minutes
PU1_500_RandomSearch:
Emails: 1099
Words: 500
Ham: 618
Spam: 481

Average accurasy:
MLPClassifier            96.75
LinearSVC                95.65
KNeighborsClassifier     87.80
LogisticRegression       96.26
MultinomialNB            93.47
RandomForestClassifier   97.54

Standard deviation:
MLPClassifier            1.12
LinearSVC                1.12
KNeighborsClassifier     2.63
LogisticRegression       1.11
MultinomialNB            1.51
RandomForestClassifier   0.90

Accurasies:
MLPClassifier            [95.27272727272728, 96.0, 97.818181818181813, 97.445255474452551, 98.181818181818187, 96.36363636363636, 94.545454545454547, 97.445255474452551, 96.0, 98.181818181818187, 97.090909090909093, 96.350364963503651, 97.818181818181813, 97.454545454545453, 96.727272727272734, 93.065693430656935, 97.090909090909093, 96.727272727272734, 95.63636363636364, 97.445255474452551, 97.818181818181813, 97.818181818181813, 95.63636363636364, 97.080291970802918, 96.36363636363636, 95.27272727272728, 97.818181818181813, 96.350364963503651, 97.090909090909093, 95.63636363636364, 95.27272727272728, 97.080291970802918, 97.454545454545453, 97.454545454545453, 96.0, 95.620437956204384, 96.36363636363636, 94.545454545454547, 94.545454545454547, 97.445255474452551, 96.727272727272734, 98.181818181818187, 96.0, 97.080291970802918, 97.818181818181813, 97.090909090909093, 97.818181818181813, 96.715328467153284, 97.090909090909093, 94.909090909090907, 95.27272727272728, 97.445255474452551, 94.181818181818173, 97.818181818181813, 96.36363636363636, 97.810218978102199, 96.727272727272734, 95.63636363636364, 97.818181818181813, 97.810218978102199, 95.63636363636364, 97.818181818181813, 98.545454545454547, 95.985401459854018, 97.454545454545453, 97.454545454545453, 96.0, 95.985401459854018, 96.727272727272734, 96.36363636363636, 98.909090909090907, 97.810218978102199, 98.545454545454547, 97.090909090909093, 96.727272727272734, 95.985401459854018, 97.454545454545453, 97.090909090909093, 96.727272727272734, 95.620437956204384, 96.0, 96.727272727272734, 94.909090909090907, 98.540145985401466, 94.909090909090907, 97.454545454545453, 97.090909090909093, 96.715328467153284, 96.727272727272734, 96.36363636363636, 98.909090909090907, 94.525547445255469, 97.818181818181813, 97.454545454545453, 97.090909090909093, 96.350364963503651, 97.454545454545453, 97.818181818181813, 96.727272727272734, 97.445255474452551]
LinearSVC                [93.090909090909093, 94.909090909090907, 97.090909090909093, 94.160583941605836, 96.727272727272734, 94.909090909090907, 95.27272727272728, 96.350364963503651, 95.63636363636364, 98.181818181818187, 97.090909090909093, 95.985401459854018, 97.454545454545453, 97.090909090909093, 96.0, 93.795620437956202, 97.454545454545453, 94.545454545454547, 94.545454545454547, 97.080291970802918, 96.0, 96.36363636363636, 94.181818181818173, 96.350364963503651, 94.181818181818173, 94.545454545454547, 95.27272727272728, 94.525547445255469, 95.63636363636364, 94.909090909090907, 94.545454545454547, 96.350364963503651, 95.27272727272728, 94.909090909090907, 96.0, 96.350364963503651, 93.818181818181827, 94.545454545454547, 94.181818181818173, 97.080291970802918, 96.0, 97.818181818181813, 94.909090909090907, 96.350364963503651, 96.727272727272734, 94.909090909090907, 95.27272727272728, 97.080291970802918, 96.36363636363636, 93.454545454545453, 96.727272727272734, 96.350364963503651, 96.0, 96.727272727272734, 94.545454545454547, 95.985401459854018, 96.0, 94.909090909090907, 96.727272727272734, 94.890510948905103, 95.63636363636364, 95.27272727272728, 96.36363636363636, 93.795620437956202, 95.27272727272728, 96.0, 95.63636363636364, 95.255474452554751, 95.27272727272728, 93.454545454545453, 97.090909090909093, 97.445255474452551, 96.36363636363636, 95.63636363636364, 96.0, 95.255474452554751, 97.090909090909093, 95.63636363636364, 96.0, 94.890510948905103, 94.181818181818173, 97.454545454545453, 95.27272727272728, 97.080291970802918, 93.818181818181827, 96.0, 96.0, 95.620437956204384, 94.909090909090907, 95.63636363636364, 96.727272727272734, 94.525547445255469, 94.545454545454547, 93.454545454545453, 97.090909090909093, 95.620437956204384, 95.63636363636364, 96.36363636363636, 94.909090909090907, 97.080291970802918]
KNeighborsClassifier     [88.36363636363636, 85.818181818181813, 90.181818181818187, 89.051094890510953, 88.0, 84.36363636363636, 86.909090909090907, 90.87591240875912, 84.727272727272734, 88.727272727272734, 83.27272727272728, 87.591240875912419, 92.72727272727272, 90.181818181818187, 85.454545454545453, 87.956204379562038, 91.272727272727266, 88.36363636363636, 89.090909090909093, 87.591240875912419, 84.36363636363636, 90.545454545454547, 83.27272727272728, 86.496350364963504, 89.454545454545453, 89.090909090909093, 86.909090909090907, 82.481751824817522, 88.0, 88.727272727272734, 85.090909090909093, 87.956204379562038, 88.727272727272734, 87.272727272727266, 90.181818181818187, 89.051094890510953, 88.0, 88.36363636363636, 81.818181818181827, 87.956204379562038, 86.181818181818187, 94.181818181818173, 88.36363636363636, 90.510948905109487, 85.818181818181813, 90.545454545454547, 88.36363636363636, 84.671532846715323, 90.545454545454547, 87.63636363636364, 88.0, 90.510948905109487, 91.272727272727266, 80.72727272727272, 85.454545454545453, 87.591240875912419, 88.727272727272734, 86.545454545454547, 87.272727272727266, 89.051094890510953, 86.545454545454547, 87.272727272727266, 91.272727272727266, 89.416058394160586, 93.090909090909093, 87.63636363636364, 87.63636363636364, 83.211678832116789, 91.272727272727266, 85.454545454545453, 89.818181818181813, 86.131386861313857, 90.909090909090907, 86.545454545454547, 80.72727272727272, 88.321167883211686, 86.181818181818187, 87.63636363636364, 90.545454545454547, 82.481751824817522, 84.36363636363636, 90.181818181818187, 85.818181818181813, 89.78102189781022, 86.181818181818187, 88.0, 90.181818181818187, 87.956204379562038, 90.909090909090907, 88.0, 90.909090909090907, 87.226277372262771, 92.0, 88.727272727272734, 86.909090909090907, 83.211678832116789, 88.36363636363636, 87.63636363636364, 85.818181818181813, 89.416058394160586]
LogisticRegression       [95.27272727272728, 96.0, 97.818181818181813, 94.525547445255469, 98.181818181818187, 96.0, 96.0, 96.350364963503651, 96.0, 98.181818181818187, 96.727272727272734, 95.255474452554751, 98.181818181818187, 97.090909090909093, 96.727272727272734, 93.430656934306569, 96.0, 96.0, 95.27272727272728, 97.445255474452551, 97.090909090909093, 96.727272727272734, 95.63636363636364, 96.350364963503651, 94.545454545454547, 95.27272727272728, 97.090909090909093, 95.985401459854018, 96.36363636363636, 95.63636363636364, 94.181818181818173, 96.715328467153284, 96.36363636363636, 95.63636363636364, 97.090909090909093, 97.445255474452551, 96.0, 94.909090909090907, 93.818181818181827, 97.810218978102199, 96.36363636363636, 98.909090909090907, 95.27272727272728, 96.715328467153284, 97.454545454545453, 95.27272727272728, 96.36363636363636, 96.715328467153284, 96.727272727272734, 94.545454545454547, 96.36363636363636, 96.350364963503651, 95.63636363636364, 97.090909090909093, 95.63636363636364, 96.715328467153284, 96.727272727272734, 94.909090909090907, 96.727272727272734, 94.890510948905103, 96.0, 96.36363636363636, 97.090909090909093, 96.350364963503651, 97.454545454545453, 96.36363636363636, 95.63636363636364, 95.620437956204384, 94.909090909090907, 94.909090909090907, 98.545454545454547, 97.810218978102199, 97.818181818181813, 95.63636363636364, 96.0, 94.160583941605836, 97.454545454545453, 96.36363636363636, 97.454545454545453, 94.160583941605836, 95.27272727272728, 97.090909090909093, 95.27272727272728, 98.175182481751818, 94.545454545454547, 97.090909090909093, 96.36363636363636, 96.350364963503651, 96.36363636363636, 95.27272727272728, 98.181818181818187, 95.255474452554751, 97.454545454545453, 95.27272727272728, 97.454545454545453, 96.715328467153284, 96.36363636363636, 96.727272727272734, 96.0, 95.985401459854018]
MultinomialNB            [90.909090909090907, 94.545454545454547, 92.72727272727272, 95.255474452554751, 92.36363636363636, 94.181818181818173, 92.72727272727272, 93.795620437956202, 93.818181818181827, 94.181818181818173, 94.909090909090907, 93.430656934306569, 95.63636363636364, 92.72727272727272, 94.545454545454547, 91.605839416058402, 94.181818181818173, 93.454545454545453, 93.818181818181827, 92.700729927007302, 92.72727272727272, 93.454545454545453, 93.818181818181827, 94.160583941605836, 93.454545454545453, 94.181818181818173, 95.63636363636364, 91.240875912408754, 92.72727272727272, 93.454545454545453, 90.181818181818187, 95.985401459854018, 96.727272727272734, 94.181818181818173, 92.0, 91.605839416058402, 90.545454545454547, 93.818181818181827, 92.36363636363636, 95.255474452554751, 94.909090909090907, 95.27272727272728, 92.72727272727272, 91.605839416058402, 93.454545454545453, 93.818181818181827, 92.0, 93.430656934306569, 94.181818181818173, 92.36363636363636, 94.181818181818173, 91.240875912408754, 91.272727272727266, 93.818181818181827, 91.63636363636364, 96.350364963503651, 92.72727272727272, 95.27272727272728, 94.181818181818173, 91.970802919708035, 94.909090909090907, 94.545454545454547, 93.454545454545453, 92.700729927007302, 92.0, 94.181818181818173, 95.27272727272728, 92.700729927007302, 93.454545454545453, 91.272727272727266, 95.27272727272728, 94.890510948905103, 96.0, 93.090909090909093, 90.545454545454547, 92.335766423357668, 93.454545454545453, 94.545454545454547, 92.72727272727272, 92.335766423357668, 92.36363636363636, 94.545454545454547, 92.0, 95.620437956204384, 91.63636363636364, 95.27272727272728, 93.090909090909093, 94.160583941605836, 92.36363636363636, 95.27272727272728, 95.63636363636364, 92.335766423357668, 95.27272727272728, 94.909090909090907, 93.090909090909093, 89.78102189781022, 93.454545454545453, 92.0, 92.0, 96.715328467153284]
RandomForestClassifier   [97.818181818181813, 97.454545454545453, 96.36363636363636, 97.445255474452551, 98.181818181818187, 97.454545454545453, 97.454545454545453, 97.445255474452551, 98.181818181818187, 98.181818181818187, 95.27272727272728, 98.540145985401466, 98.181818181818187, 96.727272727272734, 98.181818181818187, 97.080291970802918, 97.454545454545453, 96.0, 98.181818181818187, 97.810218978102199, 98.909090909090907, 97.090909090909093, 96.727272727272734, 98.175182481751818, 98.181818181818187, 97.090909090909093, 97.818181818181813, 97.445255474452551, 97.454545454545453, 96.727272727272734, 96.727272727272734, 98.905109489051085, 99.272727272727266, 96.727272727272734, 97.454545454545453, 96.350364963503651, 96.727272727272734, 96.727272727272734, 96.36363636363636, 98.540145985401466, 97.818181818181813, 97.818181818181813, 97.454545454545453, 98.540145985401466, 97.090909090909093, 97.454545454545453, 97.818181818181813, 97.445255474452551, 99.272727272727266, 96.36363636363636, 97.818181818181813, 97.810218978102199, 97.818181818181813, 97.818181818181813, 97.454545454545453, 97.080291970802918, 97.818181818181813, 97.818181818181813, 97.454545454545453, 98.175182481751818, 97.454545454545453, 97.818181818181813, 97.454545454545453, 97.445255474452551, 97.818181818181813, 98.545454545454547, 97.818181818181813, 96.715328467153284, 97.090909090909093, 98.181818181818187, 99.63636363636364, 97.445255474452551, 97.818181818181813, 97.454545454545453, 94.909090909090907, 98.905109489051085, 98.545454545454547, 97.454545454545453, 98.181818181818187, 94.160583941605836, 97.090909090909093, 97.090909090909093, 96.36363636363636, 98.905109489051085, 96.0, 98.545454545454547, 97.818181818181813, 97.445255474452551, 96.727272727272734, 96.727272727272734, 98.909090909090907, 96.715328467153284, 98.909090909090907, 98.181818181818187, 96.36363636363636, 96.715328467153284, 97.454545454545453, 98.181818181818187, 97.818181818181813, 97.810218978102199]

Standings:
MLPClassifier            [2, 2, 1, 1, 1, 2, 4, 1, 2, 1, 1, 2, 3, 1, 2, 4, 3, 1, 2, 2, 2, 1, 2, 2, 2, 2, 1, 2, 2, 2, 2, 2, 2, 1, 3, 4, 2, 3, 2, 3, 2, 2, 2, 2, 1, 2, 1, 3, 2, 2, 4, 2, 4, 1, 2, 1, 2, 2, 1, 2, 3, 1, 1, 3, 2, 2, 2, 2, 2, 2, 2, 1, 1, 2, 1, 2, 2, 2, 3, 1, 2, 4, 4, 2, 2, 2, 2, 2, 1, 2, 1, 3, 2, 2, 2, 3, 1, 2, 2, 2]
LinearSVC                [4, 4, 3, 5, 4, 4, 3, 3, 4, 1, 1, 3, 4, 2, 4, 2, 1, 4, 4, 4, 4, 4, 4, 3, 4, 4, 5, 4, 4, 4, 3, 4, 5, 4, 3, 2, 4, 3, 3, 4, 4, 3, 4, 4, 4, 4, 4, 2, 4, 4, 2, 3, 2, 4, 4, 5, 4, 4, 3, 3, 3, 4, 4, 4, 4, 4, 3, 4, 3, 4, 4, 3, 4, 3, 2, 3, 4, 4, 4, 2, 4, 1, 2, 4, 4, 4, 4, 4, 4, 3, 4, 3, 5, 5, 2, 4, 4, 4, 4, 3]
KNeighborsClassifier     [6, 6, 6, 6, 6, 6, 6, 6, 6, 6, 6, 6, 6, 6, 6, 6, 6, 6, 6, 6, 6, 6, 6, 6, 6, 6, 6, 6, 6, 6, 6, 6, 6, 6, 6, 6, 6, 6, 6, 6, 6, 6, 6, 6, 6, 6, 6, 6, 6, 6, 6, 6, 5, 6, 6, 6, 6, 6, 6, 6, 6, 6, 6, 6, 5, 6, 6, 6, 6, 6, 6, 6, 6, 6, 6, 6, 6, 6, 6, 6, 6, 6, 6, 6, 6, 6, 6, 6, 6, 6, 6, 6, 6, 6, 6, 6, 6, 6, 6, 6]
LogisticRegression       [2, 2, 1, 4, 1, 3, 2, 3, 2, 1, 3, 4, 1, 2, 2, 3, 4, 2, 3, 2, 3, 3, 2, 3, 3, 2, 3, 3, 3, 2, 4, 3, 4, 3, 2, 1, 3, 2, 4, 2, 3, 1, 3, 3, 2, 3, 3, 3, 3, 3, 3, 3, 3, 3, 3, 3, 2, 4, 3, 3, 2, 3, 3, 2, 2, 3, 3, 3, 4, 3, 3, 1, 2, 3, 2, 4, 2, 3, 2, 3, 3, 2, 2, 3, 3, 3, 3, 3, 3, 4, 3, 2, 3, 3, 1, 1, 3, 3, 3, 5]
MultinomialNB            [5, 5, 5, 3, 5, 5, 5, 5, 5, 5, 5, 5, 5, 5, 5, 5, 5, 5, 5, 5, 5, 5, 5, 5, 5, 5, 4, 5, 5, 5, 5, 5, 3, 5, 5, 5, 5, 5, 5, 5, 5, 5, 5, 5, 5, 5, 5, 5, 5, 5, 5, 5, 5, 5, 5, 4, 5, 3, 5, 5, 5, 5, 5, 5, 6, 5, 5, 5, 5, 5, 5, 5, 5, 5, 5, 5, 5, 5, 5, 5, 5, 5, 5, 5, 5, 5, 5, 5, 5, 4, 5, 5, 4, 4, 5, 5, 5, 5, 5, 4]
RandomForestClassifier   [1, 1, 4, 1, 1, 1, 1, 1, 1, 1, 4, 1, 1, 4, 1, 1, 1, 2, 1, 1, 1, 2, 1, 1, 1, 1, 1, 1, 1, 1, 1, 1, 1, 2, 1, 2, 1, 1, 1, 1, 1, 3, 1, 1, 3, 1, 1, 1, 1, 1, 1, 1, 1, 1, 1, 2, 1, 1, 2, 1, 1, 1, 2, 1, 1, 1, 1, 1, 1, 1, 1, 3, 2, 1, 4, 1, 1, 1, 1, 3, 1, 2, 1, 1, 1, 1, 1, 1, 1, 1, 1, 1, 1, 1, 4, 1, 1, 1, 1, 1]

Parameters:
MLPClassifier:
<bound method MLPClassifier.get_params of MLPClassifier(activation='relu', alpha=0.0001, batch_size='auto', beta_1=0.9,
       beta_2=0.999, early_stopping=False, epsilon=1e-08,
       hidden_layer_sizes=(300, 300, 300), learning_rate='constant',
       learning_rate_init=0.001, max_iter=400, momentum=0.9,
       nesterovs_momentum=True, power_t=0.5, random_state=None,
       shuffle=True, solver='adam', tol=0.0001, validation_fraction=0.1,
       verbose=False, warm_start=False)>
LinearSVC:
<bound method LinearSVC.get_params of LinearSVC(C=1.8, class_weight=None, dual=True, fit_intercept=True,
     intercept_scaling=1, loss='hinge', max_iter=2400, multi_class='ovr',
     penalty='l2', random_state=None, tol=0.0001, verbose=0)>
KNeighborsClassifier:
<bound method KNeighborsClassifier.get_params of KNeighborsClassifier(algorithm='ball_tree', leaf_size=30, metric='minkowski',
           metric_params=None, n_jobs=1, n_neighbors=6, p=2,
           weights='distance')>
LogisticRegression:
<bound method LogisticRegression.get_params of LogisticRegression(C=4.7, class_weight=None, dual=False, fit_intercept=False,
          intercept_scaling=1, max_iter=900, multi_class='ovr', n_jobs=1,
          penalty='l2', random_state=None, solver='newton-cg', tol=0.0001,
          verbose=0, warm_start=False)>
MultinomialNB:
<bound method MultinomialNB.get_params of MultinomialNB(alpha=0.01, class_prior=None, fit_prior=True)>
RandomForestClassifier:
<bound method RandomForestClassifier.get_params of RandomForestClassifier(bootstrap=True, class_weight=None, criterion='entropy',
            max_depth=None, max_features='log2', max_leaf_nodes=None,
            min_impurity_decrease=0.0, min_impurity_split=None,
            min_samples_leaf=3, min_samples_split=8,
            min_weight_fraction_leaf=0.0, n_estimators=310, n_jobs=1,
            oob_score=True, random_state=None, verbose=0, warm_start=False)>
