1188.362267 minutes
Spam-Assasin_600_RandomSearch:
Emails: 6046
Words: 600
Ham: 4150
Spam: 1896

Average accurasy:
MLPClassifier            91.17
LinearSVC                88.93
KNeighborsClassifier     86.71
LogisticRegression       88.16
MultinomialNB            85.15
RandomForestClassifier   91.32

Standard deviation:
MLPClassifier            0.67
LinearSVC                0.82
KNeighborsClassifier     0.95
LogisticRegression       0.95
MultinomialNB            0.93
RandomForestClassifier   0.64

Accurasies:
MLPClassifier            [90.939153439153444, 91.269841269841265, 90.999338186631377, 90.536068828590331, 90.608465608465607, 91.798941798941797, 91.528788881535405, 91.19788219722038, 91.600529100529101, 90.674603174603178, 91.528788881535405, 91.330244870946402, 91.997354497354493, 91.335978835978835, 91.330244870946402, 90.800794176042359, 90.542328042328052, 91.005291005290999, 91.264063534083391, 93.315684976836536, 90.476190476190482, 91.402116402116405, 91.396426207809398, 90.602250165453341, 91.600529100529101, 91.865079365079367, 92.124420913302458, 90.933156849768366, 91.402116402116405, 90.476190476190482, 91.131700860357384, 92.256783587028451, 90.939153439153444, 91.203703703703709, 91.330244870946402, 91.462607544672409, 91.071428571428569, 91.137566137566139, 91.594970218398402, 91.727332892124423, 91.335978835978835, 91.005291005290999, 91.528788881535405, 91.264063534083391, 92.592592592592595, 91.666666666666657, 90.072799470549299, 90.866975512905356, 91.269841269841265, 90.806878306878303, 90.072799470549299, 90.469887491727334, 90.542328042328052, 90.674603174603178, 91.19788219722038, 90.866975512905356, 89.682539682539684, 91.335978835978835, 91.528788881535405, 91.528788881535405, 89.88095238095238, 91.600529100529101, 92.058239576439448, 90.337524818001327, 90.013227513227505, 91.402116402116405, 91.528788881535405, 90.602250165453341, 90.939153439153444, 91.335978835978835, 90.403706154864324, 91.925876902713426, 91.137566137566139, 91.005291005290999, 90.006618133686302, 90.602250165453341, 91.666666666666657, 92.592592592592595, 90.536068828590331, 90.536068828590331, 92.195767195767203, 91.931216931216937, 90.933156849768366, 91.396426207809398, 91.534391534391531, 91.137566137566139, 91.594970218398402, 90.536068828590331, 89.81481481481481, 92.460317460317469, 91.264063534083391, 91.131700860357384, 90.410052910052912, 92.724867724867721, 89.874255459960295, 90.403706154864324, 91.203703703703709, 91.335978835978835, 91.727332892124423, 90.800794176042359]
LinearSVC                [90.410052910052912, 89.021164021164026, 88.219722038385171, 88.285903375248182, 89.682539682539684, 89.616402116402114, 88.881535407015221, 88.616810059563207, 88.82275132275133, 89.351851851851848, 89.543348775645271, 87.293183322303108, 87.896825396825392, 88.359788359788354, 90.403706154864324, 88.815354070152225, 88.69047619047619, 88.75661375661376, 87.954996690933157, 90.800794176042359, 87.5, 90.013227513227505, 90.20516214427532, 88.352084712111193, 89.021164021164026, 89.087301587301596, 89.278623428193242, 88.682991396426203, 89.74867724867724, 88.359788359788354, 89.013898080741228, 88.947716743878232, 88.558201058201064, 89.550264550264544, 88.682991396426203, 89.013898080741228, 90.013227513227505, 88.69047619047619, 89.212442091330246, 89.874255459960295, 90.211640211640216, 88.359788359788354, 87.690271343481143, 89.146260754467249, 90.608465608465607, 89.550264550264544, 88.021178027796168, 87.359364659166118, 88.359788359788354, 88.75661375661376, 88.352084712111193, 89.278623428193242, 89.351851851851848, 88.558201058201064, 89.543348775645271, 88.418266048974189, 86.904761904761912, 88.492063492063494, 89.741892786234274, 90.800794176042359, 88.161375661375658, 88.82275132275133, 89.741892786234274, 88.285903375248182, 88.624338624338634, 89.087301587301596, 88.749172733289214, 89.410986101919249, 89.81481481481481, 88.492063492063494, 88.352084712111193, 88.947716743878232, 89.74867724867724, 89.153439153439152, 86.763732627399065, 89.212442091330246, 88.955026455026456, 89.81481481481481, 88.219722038385171, 87.82263401720715, 89.351851851851848, 89.616402116402114, 88.815354070152225, 88.153540701522175, 87.764550264550266, 89.616402116402114, 89.080079417604239, 87.75645268034414, 87.896825396825392, 90.013227513227505, 88.815354070152225, 89.410986101919249, 88.293650793650784, 90.476190476190482, 88.087359364659164, 88.616810059563207, 89.484126984126988, 89.550264550264544, 88.947716743878232, 88.616810059563207]
KNeighborsClassifier     [87.962962962962962, 84.986772486772495, 85.44010589013898, 86.035737921906019, 88.029100529100532, 86.970899470899468, 86.366644606221044, 85.771012574454005, 85.780423280423278, 87.830687830687822, 87.888815354070147, 88.285903375248182, 86.044973544973544, 87.103174603174608, 87.888815354070147, 86.43282594308404, 85.912698412698404, 86.904761904761912, 86.366644606221044, 88.153540701522175, 86.838624338624342, 85.714285714285708, 87.160820648577101, 86.499007279947065, 86.640211640211646, 87.5, 88.4844473858372, 85.043017868960959, 85.582010582010582, 87.764550264550266, 85.109199205823955, 86.829913964262076, 87.830687830687822, 86.507936507936506, 85.969556585043023, 86.43282594308404, 86.24338624338624, 88.095238095238088, 85.175380542686966, 85.506287227001991, 86.044973544973544, 86.772486772486772, 85.572468563864987, 87.028457974851094, 88.029100529100532, 85.978835978835974, 85.969556585043023, 86.300463269358048, 85.780423280423278, 87.632275132275126, 88.285903375248182, 86.234281932495037, 86.375661375661366, 85.383597883597886, 87.624090006618133, 87.09463931171409, 85.11904761904762, 87.56613756613757, 88.550628722700196, 87.491727332892125, 85.383597883597886, 86.111111111111114, 87.624090006618133, 86.499007279947065, 86.970899470899468, 88.293650793650784, 86.697551290536069, 85.307743216412973, 87.235449735449734, 87.5, 86.499007279947065, 87.09463931171409, 86.441798941798936, 86.507936507936506, 85.307743216412973, 87.09463931171409, 87.301587301587304, 86.970899470899468, 87.227001985440111, 86.565188616810062, 86.30952380952381, 88.029100529100532, 85.771012574454005, 85.837193911317016, 87.103174603174608, 87.698412698412696, 86.962276637988083, 86.829913964262076, 85.846560846560848, 87.5, 86.035737921906019, 87.690271343481143, 86.441798941798936, 88.75661375661376, 85.109199205823955, 86.035737921906019, 87.43386243386243, 86.904761904761912, 87.09463931171409, 85.307743216412973]
LogisticRegression       [89.947089947089935, 87.896825396825392, 87.888815354070147, 87.028457974851094, 87.962962962962962, 87.56613756613757, 87.624090006618133, 88.021178027796168, 87.962962962962962, 89.417989417989418, 88.749172733289214, 87.028457974851094, 88.293650793650784, 87.43386243386243, 88.219722038385171, 88.4844473858372, 87.896825396825392, 88.425925925925924, 86.896095301125087, 89.874255459960295, 86.640211640211646, 89.682539682539684, 89.080079417604239, 86.896095301125087, 88.75661375661376, 87.56613756613757, 88.815354070152225, 87.227001985440111, 90.079365079365076, 86.970899470899468, 86.896095301125087, 89.146260754467249, 87.632275132275126, 88.82275132275133, 88.021178027796168, 87.75645268034414, 88.293650793650784, 88.558201058201064, 87.690271343481143, 88.4844473858372, 88.227513227513228, 88.161375661375658, 87.491727332892125, 89.146260754467249, 89.285714285714292, 88.888888888888886, 86.631369953673072, 87.227001985440111, 88.227513227513228, 87.43386243386243, 89.013898080741228, 87.557908669755122, 88.161375661375658, 87.764550264550266, 88.4844473858372, 88.285903375248182, 86.441798941798936, 88.69047619047619, 88.352084712111193, 88.616810059563207, 88.293650793650784, 87.830687830687822, 89.675711449371278, 88.219722038385171, 88.227513227513228, 87.830687830687822, 87.227001985440111, 89.477167438782274, 88.161375661375658, 88.227513227513228, 87.227001985440111, 89.278623428193242, 90.806878306878303, 87.830687830687822, 86.035737921906019, 87.425545996029115, 89.351851851851848, 88.492063492063494, 86.763732627399065, 87.028457974851094, 87.698412698412696, 89.682539682539684, 87.624090006618133, 87.954996690933157, 87.301587301587304, 88.888888888888886, 89.080079417604239, 87.160820648577101, 87.698412698412696, 88.69047619047619, 88.153540701522175, 88.418266048974189, 87.962962962962962, 90.542328042328052, 85.837193911317016, 88.4844473858372, 87.764550264550266, 89.219576719576722, 89.543348775645271, 86.763732627399065]
MultinomialNB            [85.780423280423278, 85.978835978835974, 84.976836532097948, 84.116479152878881, 85.648148148148152, 86.111111111111114, 86.366644606221044, 83.388484447385835, 84.722222222222214, 86.772486772486772, 85.506287227001991, 83.984116479152888, 84.457671957671948, 86.044973544973544, 83.984116479152888, 85.837193911317016, 84.788359788359784, 85.11904761904762, 84.248841826604888, 86.43282594308404, 85.25132275132276, 85.582010582010582, 86.631369953673072, 84.315023163467913, 84.589947089947088, 85.780423280423278, 85.638649900727998, 84.513567174056917, 86.640211640211646, 83.928571428571431, 84.447385837193906, 86.43282594308404, 85.18518518518519, 85.978835978835974, 85.373924553275984, 84.910655195234938, 84.920634920634924, 86.17724867724867, 83.454665784248832, 85.704831237590994, 86.044973544973544, 84.656084656084658, 83.653209794837863, 84.381204500330909, 84.457671957671948, 86.507936507936506, 84.248841826604888, 85.506287227001991, 86.706349206349216, 83.928571428571431, 84.844473858371941, 85.903375248180012, 86.17724867724867, 83.994708994709001, 85.241561879549963, 84.513567174056917, 83.796296296296291, 86.17724867724867, 84.910655195234938, 85.903375248180012, 84.193121693121697, 85.449735449735456, 86.366644606221044, 85.373924553275984, 83.134920634920633, 85.978835978835974, 85.969556585043023, 85.175380542686966, 84.523809523809518, 85.449735449735456, 84.976836532097948, 85.373924553275984, 85.383597883597886, 85.648148148148152, 83.71939113170086, 85.44010589013898, 84.656084656084658, 86.17724867724867, 85.241561879549963, 84.182660489741892, 84.920634920634924, 86.24338624338624, 85.109199205823955, 84.381204500330909, 83.994708994709001, 85.317460317460316, 86.366644606221044, 84.182660489741892, 84.722222222222214, 85.383597883597886, 84.645929847782924, 84.778292521508931, 85.648148148148152, 86.441798941798936, 81.99867637326274, 86.035737921906019, 84.325396825396822, 86.574074074074076, 85.506287227001991, 84.447385837193906]
RandomForestClassifier   [91.402116402116405, 91.534391534391531, 91.065519523494373, 91.330244870946402, 90.674603174603178, 91.071428571428569, 91.264063534083391, 92.786234281932494, 90.476190476190482, 91.997354497354493, 92.190602250165455, 91.264063534083391, 91.534391534391531, 91.666666666666657, 91.661151555261412, 91.131700860357384, 91.269841269841265, 91.534391534391531, 90.13898080741231, 92.720052945069483, 91.071428571428569, 91.732804232804227, 91.661151555261412, 91.065519523494373, 91.666666666666657, 91.997354497354493, 91.396426207809398, 90.668431502316352, 91.071428571428569, 90.740740740740748, 91.85969556585043, 92.058239576439448, 91.402116402116405, 91.137566137566139, 90.999338186631377, 91.264063534083391, 91.071428571428569, 91.402116402116405, 91.396426207809398, 90.933156849768366, 90.608465608465607, 91.865079365079367, 90.800794176042359, 92.852415618795504, 92.063492063492063, 91.269841269841265, 90.072799470549299, 91.462607544672409, 90.674603174603178, 90.939153439153444, 91.992058239576437, 90.668431502316352, 90.873015873015873, 90.939153439153444, 91.925876902713426, 91.131700860357384, 90.145502645502646, 92.328042328042329, 91.264063534083391, 92.322964923891462, 91.137566137566139, 91.269841269841265, 92.389146260754458, 90.536068828590331, 91.005291005290999, 91.269841269841265, 91.19788219722038, 90.933156849768366, 92.129629629629633, 90.542328042328052, 90.734612839179348, 91.528788881535405, 92.063492063492063, 91.269841269841265, 90.271343481138317, 91.264063534083391, 92.460317460317469, 91.666666666666657, 91.131700860357384, 90.13898080741231, 91.798941798941797, 92.195767195767203, 90.800794176042359, 89.741892786234274, 91.269841269841265, 91.666666666666657, 91.793514228987434, 90.933156849768366, 90.674603174603178, 91.798941798941797, 90.933156849768366, 90.668431502316352, 91.335978835978835, 92.460317460317469, 90.13898080741231, 91.727332892124423, 91.402116402116405, 91.402116402116405, 92.389146260754458, 90.800794176042359]

Standings:
MLPClassifier            [2, 2, 2, 2, 2, 1, 1, 2, 1, 2, 2, 1, 1, 2, 2, 2, 2, 2, 1, 1, 2, 2, 2, 2, 2, 2, 1, 1, 1, 2, 2, 1, 2, 1, 1, 1, 1, 2, 1, 1, 1, 2, 1, 2, 1, 1, 1, 2, 1, 2, 2, 2, 2, 2, 2, 2, 2, 2, 1, 2, 2, 1, 2, 2, 2, 1, 1, 2, 2, 1, 2, 1, 2, 2, 2, 2, 2, 1, 2, 1, 1, 2, 1, 1, 1, 2, 2, 2, 2, 1, 1, 1, 2, 1, 2, 2, 2, 2, 2, 1]
LinearSVC                [3, 3, 3, 3, 3, 3, 3, 3, 3, 4, 3, 4, 4, 3, 3, 3, 3, 3, 3, 3, 3, 3, 3, 3, 3, 3, 3, 3, 4, 3, 3, 4, 3, 3, 3, 3, 3, 3, 3, 3, 3, 3, 3, 3, 3, 3, 3, 3, 3, 3, 4, 3, 3, 3, 3, 3, 3, 4, 3, 3, 4, 3, 3, 3, 3, 3, 3, 4, 3, 3, 3, 4, 4, 3, 3, 3, 4, 3, 3, 3, 3, 4, 3, 3, 3, 3, 3, 3, 3, 3, 3, 3, 3, 4, 3, 3, 3, 3, 4, 3]
KNeighborsClassifier     [5, 6, 5, 5, 4, 5, 5, 5, 5, 5, 5, 3, 5, 5, 5, 5, 5, 5, 5, 5, 4, 5, 5, 5, 5, 5, 5, 5, 6, 4, 5, 5, 4, 5, 5, 5, 5, 5, 5, 6, 5, 5, 5, 5, 5, 6, 5, 5, 6, 4, 5, 5, 5, 5, 5, 5, 5, 5, 4, 5, 5, 5, 5, 5, 5, 4, 5, 5, 5, 5, 5, 5, 5, 5, 5, 5, 5, 5, 4, 5, 5, 5, 5, 5, 5, 5, 5, 5, 5, 5, 5, 5, 5, 5, 5, 5, 5, 5, 5, 5]
LogisticRegression       [4, 4, 4, 4, 5, 4, 4, 4, 4, 3, 4, 5, 3, 4, 4, 4, 4, 4, 4, 4, 5, 4, 4, 4, 4, 4, 4, 4, 3, 5, 4, 3, 5, 4, 4, 4, 4, 4, 4, 4, 4, 4, 4, 3, 4, 4, 4, 4, 4, 5, 3, 4, 4, 4, 4, 4, 4, 3, 5, 4, 3, 4, 4, 4, 4, 5, 4, 3, 4, 4, 4, 3, 3, 4, 4, 4, 3, 4, 5, 4, 4, 3, 4, 4, 4, 4, 3, 4, 4, 4, 4, 4, 4, 3, 4, 4, 4, 4, 3, 4]
MultinomialNB            [6, 5, 6, 6, 6, 6, 5, 6, 6, 6, 6, 6, 6, 6, 6, 6, 6, 6, 6, 6, 6, 6, 6, 6, 6, 6, 6, 6, 5, 6, 6, 6, 6, 6, 6, 6, 6, 6, 6, 5, 5, 6, 6, 6, 6, 5, 6, 6, 5, 6, 6, 6, 6, 6, 6, 6, 6, 6, 6, 6, 6, 6, 6, 6, 6, 6, 6, 6, 6, 6, 6, 6, 6, 6, 6, 6, 6, 6, 6, 6, 6, 6, 6, 6, 6, 6, 6, 6, 6, 6, 6, 6, 6, 6, 6, 5, 6, 6, 6, 6]
RandomForestClassifier   [1, 1, 1, 1, 1, 2, 2, 1, 2, 1, 1, 2, 2, 1, 1, 1, 1, 1, 2, 2, 1, 1, 1, 1, 1, 1, 2, 2, 2, 1, 1, 2, 1, 2, 2, 2, 1, 1, 2, 2, 2, 1, 2, 1, 2, 2, 1, 1, 2, 1, 1, 1, 1, 1, 1, 1, 1, 1, 2, 1, 1, 2, 1, 1, 1, 2, 2, 1, 1, 2, 1, 2, 1, 1, 1, 1, 1, 2, 1, 2, 2, 1, 2, 2, 2, 1, 1, 1, 1, 2, 2, 2, 1, 2, 1, 1, 1, 1, 1, 1]

Parameters:
MLPClassifier:
<bound method MLPClassifier.get_params of MLPClassifier(activation='relu', alpha=0.0001, batch_size='auto', beta_1=0.9,
       beta_2=0.999, early_stopping=False, epsilon=1e-08,
       hidden_layer_sizes=(900, 900), learning_rate='constant',
       learning_rate_init=0.0001, max_iter=1600, momentum=0.9,
       nesterovs_momentum=True, power_t=0.5, random_state=None,
       shuffle=True, solver='adam', tol=0.0001, validation_fraction=0.1,
       verbose=False, warm_start=False)>
LinearSVC:
<bound method LinearSVC.get_params of LinearSVC(C=3.5, class_weight=None, dual=False, fit_intercept=True,
     intercept_scaling=1, loss='squared_hinge', max_iter=1400,
     multi_class='ovr', penalty='l1', random_state=None, tol=0.0001,
     verbose=0)>
KNeighborsClassifier:
<bound method KNeighborsClassifier.get_params of KNeighborsClassifier(algorithm='auto', leaf_size=30, metric='minkowski',
           metric_params=None, n_jobs=1, n_neighbors=4, p=1,
           weights='distance')>
LogisticRegression:
<bound method LogisticRegression.get_params of LogisticRegression(C=4.9, class_weight=None, dual=False, fit_intercept=True,
          intercept_scaling=1, max_iter=300, multi_class='ovr', n_jobs=1,
          penalty='l2', random_state=None, solver='liblinear', tol=0.0001,
          verbose=0, warm_start=False)>
MultinomialNB:
<bound method MultinomialNB.get_params of MultinomialNB(alpha=0.0, class_prior=None, fit_prior=False)>
RandomForestClassifier:
<bound method RandomForestClassifier.get_params of RandomForestClassifier(bootstrap=True, class_weight=None, criterion='gini',
            max_depth=None, max_features='auto', max_leaf_nodes=None,
            min_impurity_decrease=0.0, min_impurity_split=None,
            min_samples_leaf=1, min_samples_split=3,
            min_weight_fraction_leaf=0.0, n_estimators=930, n_jobs=1,
            oob_score=False, random_state=None, verbose=0,
            warm_start=False)>
